# gamma=  0.0100 epsilon=  0.1500 t=   50.00 L=  30 N=   100000000
# columns:  n1  n2  count
   0    0          15190
   0    1          16074
   0    2          18623
   0    3          23548
   0    4          30551
   0    5          39905
   0    6          51475
   0    7          66168
   0    8          82633
   0    9         100244
   0   10         119402
   0   11         138070
   0   12         154482
   0   13         167060
   0   14         175746
   0   15         178297
   0   16         175083
   0   17         167350
   0   18         154020
   0   19         138231
   0   20         119394
   0   21         101304
   0   22          82359
   0   23          66036
   0   24          51756
   0   25          39999
   0   26          30614
   0   27          23386
   0   28          18711
   0   29          16393
   1    0          16040
   1    1          18055
   1    2          21607
   1    3          27669
   1    4          35580
   1    5          45995
   1    6          58937
   1    7          74310
   1    8          91384
   1    9         110279
   1   10         128525
   1   11         145161
   1   12         159933
   1   13         170503
   1   14         176109
   1   15         176523
   1   16         171180
   1   17         160357
   1   18         145201
   1   19         128182
   1   20         110620
   1   21          91676
   1   22          74750
   1   23          58773
   1   24          45849
   1   25          35457
   1   26          27676
   1   27          21822
   1   28          17800
   1   29          16279
   2    0          18902
   2    1          21864
   2    2          26533
   2    3          33432
   2    4          42520
   2    5          54353
   2    6          68370
   2    7          83849
   2    8         100792
   2    9         118309
   2   10         135161
   2   11         151216
   2   12         162712
   2   13         170781
   2   14         172653
   2   15         170657
   2   16         162367
   2   17         150176
   2   18         135035
   2   19         118424
   2   20         101182
   2   21          83820
   2   22          68391
   2   23          54169
   2   24          42955
   2   25          33304
   2   26          26605
   2   27          21308
   2   28          18819
   2   29          17853
   3    0          23778
   3    1          27584
   3    2          33547
   3    3          41682
   3    4          51404
   3    5          63434
   3    6          77650
   3    7          92812
   3    8         109201
   3    9         125976
   3   10         140228
   3   11         152987
   3   12         161892
   3   13         166020
   3   14         165288
   3   15         161566
   3   16         152909
   3   17         140724
   3   18         125502
   3   19         109123
   3   20          93093
   3   21          78014
   3   22          63557
   3   23          51792
   3   24          41481
   3   25          33239
   3   26          27441
   3   27          23348
   3   28          21525
   3   29          21900
   4    0          30503
   4    1          35626
   4    2          42996
   4    3          51755
   4    4          62271
   4    5          74781
   4    6          88409
   4    7         103263
   4    8         117653
   4    9         130507
   4   10         142459
   4   11         151635
   4   12         156666
   4   13         159175
   4   14         156936
   4   15         151727
   4   16         143299
   4   17         131005
   4   18         116487
   4   19         103065
   4   20          88400
   4   21          74208
   4   22          61526
   4   23          51740
   4   24          42519
   4   25          35275
   4   26          30802
   4   27          27439
   4   28          26422
   4   29          27376
   5    0          40065
   5    1          46296
   5    2          54038
   5    3          64084
   5    4          74530
   5    5          86555
   5    6          99389
   5    7         110527
   5    8         123512
   5    9         134193
   5   10         142993
   5   11         148677
   5   12         152117
   5   13         152057
   5   14         147861
   5   15         142272
   5   16         133635
   5   17         123227
   5   18         111094
   5   19          98868
   5   20          86733
   5   21          74535
   5   22          63383
   5   23          54301
   5   24          46224
   5   25          39714
   5   26          35877
   5   27          33475
   5   28          33567
   5   29          35187
   6    0          51511
   6    1          58870
   6    2          68063
   6    3          77056
   6    4          88396
   6    5          98509
   6    6         109690
   6    7         119258
   6    8         128099
   6    9         135203
   6   10         140441
   6   11         144084
   6   12         145116
   6   13         144578
   6   14         141244
   6   15         134572
   6   16         127394
   6   17         119817
   6   18         109486
   6   19          98901
   6   20          88263
   6   21          77575
   6   22          68664
   6   23          58828
   6   24          51725
   6   25          46235
   6   26          42790
   6   27          41709
   6   28          42410
   6   29          46061
   7    0          66585
   7    1          74254
   7    2          83300
   7    3          92643
   7    4         101925
   7    5         111177
   7    6         118988
   7    7         125235
   7    8         131356
   7    9         135167
   7   10         137231
   7   11         138794
   7   12         139499
   7   13         138451
   7   14         134985
   7   15         130944
   7   16         125646
   7   17         119481
   7   18         111553
   7   19         102366
   7   20          93158
   7   21          83696
   7   22          74403
   7   23          66103
   7   24          59055
   7   25          54312
   7   26          51606
   7   27          51374
   7   28          54476
   7   29          58954
   8    0          82831
   8    1          91610
   8    2         100480
   8    3         109195
   8    4         117615
   8    5         123545
   8    6         127636
   8    7         131080
   8    8         132890
   8    9         135018
   8   10         135238
   8   11         135471
   8   12         134925
   8   13         134694
   8   14         133720
   8   15         131279
   8   16         128242
   8   17         122776
   8   18         117854
   8   19         109924
   8   20         101418
   8   21          91548
   8   22          82771
   8   23          73978
   8   24          67927
   8   25          64178
   8   26          62111
   8   27          63784
   8   28          68105
   8   29          74115
   9    0         100318
   9    1         110416
   9    2         118155
   9    3         126131
   9    4         130309
   9    5         133780
   9    6         135312
   9    7         135674
   9    8         135044
   9    9         133660
   9   10         133744
   9   11         132985
   9   12         133690
   9   13         134419
   9   14         135050
   9   15         135033
   9   16         134005
   9   17         130940
   9   18         125841
   9   19         117956
   9   20         109988
   9   21         101100
   9   22          91728
   9   23          83359
   9   24          78090
   9   25          74887
   9   26          74688
   9   27          77539
   9   28          83942
   9   29          91530
  10    0         119970
  10    1         128307
  10    2         135612
  10    3         140194
  10    4         142395
  10    5         142123
  10    6         140753
  10    7         137310
  10    8         134842
  10    9         132222
  10   10         132278
  10   11         132596
  10   12         135026
  10   13         137554
  10   14         140707
  10   15         142709
  10   16         142259
  10   17         140617
  10   18         135870
  10   19         128763
  10   20         119911
  10   21         110235
  10   22         100992
  10   23          93567
  10   24          88542
  10   25          86302
  10   26          88882
  10   27          92891
  10   28         101244
  10   29         110231
  11    0         138520
  11    1         145782
  11    2         150637
  11    3         152987
  11    4         151799
  11    5         149098
  11    6         144067
  11    7         139240
  11    8         135199
  11    9         133388
  11   10         133546
  11   11         134818
  11   12         139360
  11   13         144231
  11   14         148471
  11   15         151139
  11   16         151819
  11   17         151243
  11   18         145556
  11   19         138234
  11   20         128531
  11   21         118417
  11   22         109556
  11   23         102911
  11   24          98442
  11   25          99152
  11   26         102957
  11   27         109342
  11   28         118792
  11   29         128718
  12    0         153943
  12    1         160405
  12    2         162926
  12    3         160954
  12    4         157699
  12    5         151843
  12    6         145025
  12    7         138676
  12    8         134741
  12    9         133557
  12   10         135327
  12   11         138388
  12   12         145776
  12   13         150761
  12   14         158111
  12   15         161954
  12   16         163189
  12   17         160761
  12   18         154990
  12   19         145457
  12   20         135410
  12   21         126072
  12   22         117296
  12   23         111760
  12   24         109642
  12   25         111361
  12   26         116793
  12   27         125860
  12   28         135898
  12   29         145170
  13    0         166972
  13    1         170553
  13    2         170194
  13    3         166336
  13    4         160539
  13    5         152200
  13    6         143976
  13    7         137440
  13    8         134984
  13    9         133956
  13   10         137680
  13   11         144397
  13   12         152020
  13   13         159397
  13   14         166719
  13   15         170297
  13   16         169868
  13   17         167217
  13   18         159864
  13   19         150279
  13   20         140084
  13   21         130423
  13   22         123303
  13   23         119499
  13   24         118600
  13   25         123124
  13   26         130955
  13   27         140635
  13   28         150449
  13   29         160061
  14    0         175245
  14    1         175820
  14    2         173266
  14    3         165726
  14    4         157635
  14    5         149180
  14    6         140652
  14    7         135015
  14    8         133431
  14    9         135085
  14   10         139971
  14   11         147940
  14   12         158489
  14   13         166655
  14   14         172789
  14   15         174826
  14   16         175204
  14   17         169898
  14   18         162509
  14   19         152156
  14   20         141909
  14   21         133602
  14   22         128000
  14   23         126038
  14   24         127636
  14   25         133744
  14   26         142332
  14   27         152697
  14   28         163161
  14   29         170839
  15    0         177985
  15    1         175618
  15    2         170220
  15    3         162288
  15    4         152136
  15    5         142323
  15    6         134746
  15    7         131245
  15    8         130861
  15    9         135124
  15   10         142421
  15   11         151289
  15   12         161739
  15   13         170051
  15   14         175639
  15   15         177985
  15   16         175659
  15   17         169390
  15   18         161888
  15   19         151983
  15   20         142148
  15   21         135507
  15   22         130943
  15   23         131035
  15   24         134809
  15   25         143007
  15   26         151409
  15   27         161392
  15   28         169845
  15   29         175925
  16    0         175530
  16    1         170946
  16    2         162427
  16    3         152073
  16    4         142851
  16    5         134258
  16    6         127417
  16    7         126787
  16    8         127635
  16    9         133197
  16   10         142050
  16   11         152734
  16   12         163194
  16   13         170579
  16   14         176257
  16   15         176660
  16   16         173058
  16   17         166771
  16   18         158070
  16   19         148688
  16   20         140086
  16   21         134913
  16   22         133731
  16   23         135179
  16   24         140775
  16   25         148373
  16   26         157906
  16   27         166642
  16   28         173042
  16   29         175953
  17    0         165917
  17    1         159932
  17    2         151456
  17    3         139742
  17    4         131453
  17    5         123052
  17    6         119125
  17    7         119152
  17    8         122635
  17    9         130541
  17   10         140412
  17   11         150509
  17   12         159628
  17   13         167047
  17   14         170687
  17   15         169598
  17   16         166097
  17   17         159484
  17   18         152344
  17   19         143380
  17   20         137962
  17   21         134898
  17   22         133810
  17   23         138118
  17   24         143357
  17   25         152318
  17   26         159467
  17   27         166685
  17   28         170844
  17   29         171205
  18    0         153757
  18    1         145653
  18    2         135616
  18    3         125674
  18    4         117175
  18    5         111324
  18    6         109535
  18    7         111233
  18    8         116790
  18    9         126604
  18   10         136102
  18   11         145362
  18   12         154394
  18   13         159596
  18   14         162589
  18   15         162257
  18   16         157519
  18   17         151699
  18   18         144650
  18   19         138685
  18   20         135768
  18   21         132791
  18   22         135608
  18   23         138822
  18   24         145323
  18   25         151628
  18   26         157796
  18   27         162149
  18   28         163155
  18   29         160537
  19    0         138266
  19    1         128145
  19    2         118477
  19    3         109712
  19    4         102231
  19    5          99187
  19    6          99013
  19    7         102426
  19    8         109580
  19    9         118849
  19   10         128806
  19   11         137936
  19   12         145628
  19   13         151061
  19   14         152253
  19   15         151399
  19   16         148545
  19   17         144213
  19   18         138881
  19   19         135115
  19   20         133164
  19   21         133174
  19   22         134943
  19   23         138931
  19   24         143413
  19   25         149148
  19   26         151926
  19   27         151957
  19   28         151427
  19   29         144903
  20    0         119531
  20    1         109554
  20    2         101161
  20    3          93395
  20    4          88481
  20    5          86232
  20    6          88408
  20    7          93504
  20    8         101417
  20    9         110042
  20   10         119077
  20   11         128751
  20   12         135506
  20   13         139861
  20   14         142616
  20   15         142380
  20   16         140696
  20   17         137843
  20   18         135273
  20   19         133301
  20   20         132486
  20   21         133094
  20   22         134787
  20   23         137714
  20   24         140341
  20   25         142312
  20   26         143337
  20   27         140342
  20   28         136179
  20   29         128883
  21    0         100797
  21    1          92090
  21    2          84572
  21    3          77958
  21    4          74414
  21    5          74550
  21    6          77241
  21    7          83601
  21    8          91534
  21    9         100889
  21   10         109985
  21   11         118378
  21   12         125279
  21   13         130781
  21   14         133668
  21   15         135706
  21   16         135126
  21   17         134576
  21   18         133530
  21   19         132473
  21   20         133387
  21   21         133711
  21   22         134212
  21   23         135047
  21   24         134934
  21   25         133637
  21   26         131036
  21   27         125798
  21   28         119262
  21   29         109881
  22    0          82677
  22    1          73995
  22    2          67790
  22    3          63670
  22    4          61978
  22    5          63644
  22    6          67824
  22    7          74115
  22    8          82928
  22    9          91531
  22   10         100688
  22   11         110188
  22   12         116643
  22   13         122773
  22   14         127330
  22   15         130883
  22   16         132915
  22   17         133827
  22   18         135009
  22   19         135028
  22   20         134702
  22   21         134978
  22   22         133520
  22   23         131457
  22   24         128375
  22   25         123482
  22   26         117151
  22   27         109193
  22   28         100629
  22   29          91884
  23    0          66189
  23    1          59207
  23    2          54059
  23    3          51424
  23    4          51379
  23    5          54234
  23    6          59431
  23    7          65609
  23    8          74535
  23    9          83781
  23   10          93595
  23   11         102885
  23   12         111980
  23   13         119527
  23   14         125040
  23   15         131299
  23   16         134627
  23   17         137845
  23   18         139503
  23   19         138938
  23   20         137949
  23   21         134887
  23   22         130771
  23   23         125682
  23   24         119517
  23   25         111415
  23   26         102793
  23   27          93293
  23   28          83401
  23   29          74722
  24    0          51309
  24    1          46181
  24    2          42781
  24    3          41665
  24    4          42875
  24    5          46178
  24    6          51522
  24    7          59191
  24    8          67672
  24    9          77761
  24   10          88116
  24   11          99074
  24   12         109790
  24   13         118928
  24   14         127787
  24   15         134986
  24   16         140258
  24   17         143589
  24   18         145125
  24   19         143516
  24   20         140951
  24   21         135359
  24   22         127842
  24   23         118771
  24   24         109201
  24   25          99373
  24   26          88479
  24   27          77340
  24   28          67636
  24   29          59072
  25    0          39933
  25    1          35849
  25    2          33619
  25    3          33107
  25    4          35512
  25    5          39558
  25    6          46310
  25    7          54337
  25    8          64119
  25    9          74048
  25   10          86475
  25   11          99104
  25   12         111505
  25   13         123049
  25   14         133607
  25   15         142835
  25   16         147799
  25   17         152095
  25   18         151703
  25   19         147995
  25   20         142157
  25   21         133886
  25   22         123276
  25   23         111392
  25   24          99562
  25   25          86602
  25   26          74897
  25   27          63806
  25   28          54317
  25   29          46320
  26    0          30787
  26    1          28247
  26    2          26352
  26    3          27313
  26    4          30643
  26    5          35569
  26    6          42448
  26    7          51673
  26    8          62503
  26    9          74610
  26   10          88362
  26   11         103015
  26   12         117660
  26   13         130984
  26   14         142424
  26   15         151990
  26   16         157856
  26   17         159656
  26   18         158538
  26   19         152116
  26   20         142529
  26   21         130661
  26   22         116667
  26   23         102418
  26   24          88239
  26   25          75158
  26   26          62624
  26   27          51446
  26   28          42642
  26   29          35612
  27    0          23863
  27    1          21742
  27    2          21704
  27    3          23407
  27    4          27345
  27    5          33278
  27    6          41503
  27    7          51825
  27    8          63720
  27    9          77204
  27   10          93289
  27   11         109275
  27   12         125386
  27   13         140577
  27   14         152433
  27   15         161646
  27   16         166640
  27   17         166281
  27   18         161507
  27   19         153092
  27   20         140610
  27   21         126044
  27   22         109056
  27   23          93110
  27   24          77747
  27   25          63947
  27   26          51754
  27   27          41449
  27   28          33593
  27   29          27575
  28    0          18790
  28    1          18042
  28    2          18729
  28    3          21498
  28    4          26608
  28    5          33466
  28    6          42490
  28    7          53968
  28    8          68125
  28    9          83322
  28   10         101519
  28   11         118683
  28   12         135441
  28   13         150407
  28   14         162986
  28   15         170157
  28   16         172550
  28   17         170060
  28   18         162658
  28   19         151882
  28   20         135126
  28   21         118664
  28   22         100756
  28   23          84176
  28   24          67894
  28   25          54068
  28   26          42287
  28   27          33210
  28   28          26436
  28   29          21634
  29    0          16292
  29    1          16243
  29    2          17961
  29    3          21663
  29    4          27597
  29    5          35490
  29    6          46072
  29    7          59002
  29    8          74758
  29    9          91686
  29   10         110398
  29   11         128521
  29   12         145320
  29   13         160361
  29   14         171479
  29   15         176124
  29   16         176031
  29   17         170001
  29   18         160286
  29   19         145776
  29   20         128691
  29   21         110294
  29   22          91887
  29   23          74795
  29   24          58763
  29   25          45899
  29   26          35502
  29   27          27597
  29   28          21650
  29   29          18091
