# TCRW Fig 3(c)/(d) exact: per-y left-wall current vs D_r (L=10, ω=1)
# Generated by tcrw_fig3_exact_dump.py — exact authors-Python data
# columns: iD  D_r  y  Jx_Dr Jy_Dr Jx_om Jy_om |J_Dr| th_Dr |J_om| th_om
  1    1.00000e-04    0   +2.27023e-06   +2.27023e-10   +0.00000e+00   +2.27000e-06    2.27023e-06   +0.00010    2.27000e-06   +1.57080
  1    1.00000e-04    1   +2.27023e-10   -2.27000e-06   +2.27000e-06   +2.27000e-06    2.27000e-06   -1.57070    3.21027e-06   +0.78540
  1    1.00000e-04    2   +2.27023e-10   -2.27000e-06   +2.27000e-06   +2.27000e-06    2.27000e-06   -1.57070    3.21027e-06   +0.78540
  1    1.00000e-04    3   +2.27023e-10   -2.27000e-06   +2.27000e-06   +2.27000e-06    2.27000e-06   -1.57070    3.21027e-06   +0.78540
  1    1.00000e-04    4   +2.27023e-10   -2.27000e-06   +2.27000e-06   +2.27000e-06    2.27000e-06   -1.57070    3.21027e-06   +0.78540
  1    1.00000e-04    5   +2.27023e-10   -2.27000e-06   +2.27000e-06   +2.27000e-06    2.27000e-06   -1.57070    3.21027e-06   +0.78540
  1    1.00000e-04    6   +2.27023e-10   -2.27000e-06   +2.27000e-06   +2.27000e-06    2.27000e-06   -1.57070    3.21027e-06   +0.78540
  1    1.00000e-04    7   +2.27023e-10   -2.27000e-06   +2.27000e-06   +2.27000e-06    2.27000e-06   -1.57070    3.21027e-06   +0.78540
  1    1.00000e-04    8   +2.27023e-10   -2.27000e-06   +2.27000e-06   +2.27000e-06    2.27000e-06   -1.57070    3.21027e-06   +0.78540
  1    1.00000e-04    9   +2.27023e-10   -2.27000e-06   +2.27000e-06   +2.27000e-06    2.27000e-06   -1.57070    3.21027e-06   +0.78540
  1    1.00000e-04   10   +2.27023e-10   -2.27023e-06   +2.27000e-06   +0.00000e+00    2.27023e-06   -1.57070    2.27000e-06   +0.00000

  2    1.46780e-04    0   +3.33053e-06   +4.88855e-10   +0.00000e+00   +3.33004e-06    3.33053e-06   +0.00015    3.33004e-06   +1.57080
  2    1.46780e-04    1   +4.88855e-10   -3.33004e-06   +3.33004e-06   +3.33004e-06    3.33004e-06   -1.57065    4.70939e-06   +0.78540
  2    1.46780e-04    2   +4.88855e-10   -3.33004e-06   +3.33004e-06   +3.33004e-06    3.33004e-06   -1.57065    4.70939e-06   +0.78540
  2    1.46780e-04    3   +4.88855e-10   -3.33004e-06   +3.33004e-06   +3.33004e-06    3.33004e-06   -1.57065    4.70939e-06   +0.78540
  2    1.46780e-04    4   +4.88855e-10   -3.33004e-06   +3.33004e-06   +3.33004e-06    3.33004e-06   -1.57065    4.70939e-06   +0.78540
  2    1.46780e-04    5   +4.88855e-10   -3.33004e-06   +3.33004e-06   +3.33004e-06    3.33004e-06   -1.57065    4.70939e-06   +0.78540
  2    1.46780e-04    6   +4.88855e-10   -3.33004e-06   +3.33004e-06   +3.33004e-06    3.33004e-06   -1.57065    4.70939e-06   +0.78540
  2    1.46780e-04    7   +4.88855e-10   -3.33004e-06   +3.33004e-06   +3.33004e-06    3.33004e-06   -1.57065    4.70939e-06   +0.78540
  2    1.46780e-04    8   +4.88855e-10   -3.33004e-06   +3.33004e-06   +3.33004e-06    3.33004e-06   -1.57065    4.70939e-06   +0.78540
  2    1.46780e-04    9   +4.88855e-10   -3.33004e-06   +3.33004e-06   +3.33004e-06    3.33004e-06   -1.57065    4.70939e-06   +0.78540
  2    1.46780e-04   10   +4.88855e-10   -3.33053e-06   +3.33004e-06   +0.00000e+00    3.33053e-06   -1.57065    3.33004e-06   +0.00000

  3    2.15443e-04    0   +4.88486e-06   +1.05241e-09   +0.00000e+00   +4.88381e-06    4.88486e-06   +0.00022    4.88381e-06   +1.57080
  3    2.15443e-04    1   +1.05241e-09   -4.88381e-06   +4.88381e-06   +4.88381e-06    4.88381e-06   -1.57058    6.90675e-06   +0.78540
  3    2.15443e-04    2   +1.05241e-09   -4.88381e-06   +4.88381e-06   +4.88381e-06    4.88381e-06   -1.57058    6.90675e-06   +0.78540
  3    2.15443e-04    3   +1.05241e-09   -4.88381e-06   +4.88381e-06   +4.88381e-06    4.88381e-06   -1.57058    6.90675e-06   +0.78540
  3    2.15443e-04    4   +1.05241e-09   -4.88381e-06   +4.88381e-06   +4.88381e-06    4.88381e-06   -1.57058    6.90675e-06   +0.78540
  3    2.15443e-04    5   +1.05241e-09   -4.88381e-06   +4.88381e-06   +4.88381e-06    4.88381e-06   -1.57058    6.90675e-06   +0.78540
  3    2.15443e-04    6   +1.05241e-09   -4.88381e-06   +4.88381e-06   +4.88381e-06    4.88381e-06   -1.57058    6.90675e-06   +0.78540
  3    2.15443e-04    7   +1.05241e-09   -4.88381e-06   +4.88381e-06   +4.88381e-06    4.88381e-06   -1.57058    6.90675e-06   +0.78540
  3    2.15443e-04    8   +1.05241e-09   -4.88381e-06   +4.88381e-06   +4.88381e-06    4.88381e-06   -1.57058    6.90675e-06   +0.78540
  3    2.15443e-04    9   +1.05241e-09   -4.88381e-06   +4.88381e-06   +4.88381e-06    4.88381e-06   -1.57058    6.90675e-06   +0.78540
  3    2.15443e-04   10   +1.05241e-09   -4.88486e-06   +4.88381e-06   +0.00000e+00    4.88486e-06   -1.57058    4.88381e-06   +0.00000

  4    3.16228e-04    0   +7.16207e-06   +2.26485e-09   +0.00000e+00   +7.15981e-06    7.16207e-06   +0.00032    7.15981e-06   +1.57080
  4    3.16228e-04    1   +2.26485e-09   -7.15981e-06   +7.15981e-06   +7.15981e-06    7.15981e-06   -1.57048    1.01255e-05   +0.78540
  4    3.16228e-04    2   +2.26485e-09   -7.15981e-06   +7.15981e-06   +7.15981e-06    7.15981e-06   -1.57048    1.01255e-05   +0.78540
  4    3.16228e-04    3   +2.26485e-09   -7.15981e-06   +7.15981e-06   +7.15981e-06    7.15981e-06   -1.57048    1.01255e-05   +0.78540
  4    3.16228e-04    4   +2.26485e-09   -7.15981e-06   +7.15981e-06   +7.15981e-06    7.15981e-06   -1.57048    1.01255e-05   +0.78540
  4    3.16228e-04    5   +2.26485e-09   -7.15981e-06   +7.15981e-06   +7.15981e-06    7.15981e-06   -1.57048    1.01255e-05   +0.78540
  4    3.16228e-04    6   +2.26485e-09   -7.15981e-06   +7.15981e-06   +7.15981e-06    7.15981e-06   -1.57048    1.01255e-05   +0.78540
  4    3.16228e-04    7   +2.26485e-09   -7.15981e-06   +7.15981e-06   +7.15981e-06    7.15981e-06   -1.57048    1.01255e-05   +0.78540
  4    3.16228e-04    8   +2.26485e-09   -7.15981e-06   +7.15981e-06   +7.15981e-06    7.15981e-06   -1.57048    1.01255e-05   +0.78540
  4    3.16228e-04    9   +2.26485e-09   -7.15981e-06   +7.15981e-06   +7.15981e-06    7.15981e-06   -1.57048    1.01255e-05   +0.78540
  4    3.16228e-04   10   +2.26485e-09   -7.16207e-06   +7.15981e-06   +0.00000e+00    7.16207e-06   -1.57048    7.15981e-06   +0.00000

  5    4.64159e-04    0   +1.04955e-05   +4.87156e-09   +0.00000e+00   +1.04906e-05    1.04955e-05   +0.00046    1.04906e-05   +1.57080
  5    4.64159e-04    1   +4.87156e-09   -1.04906e-05   +1.04906e-05   +1.04906e-05    1.04906e-05   -1.57033    1.48359e-05   +0.78540
  5    4.64159e-04    2   +4.87156e-09   -1.04906e-05   +1.04906e-05   +1.04906e-05    1.04906e-05   -1.57033    1.48359e-05   +0.78540
  5    4.64159e-04    3   +4.87156e-09   -1.04906e-05   +1.04906e-05   +1.04906e-05    1.04906e-05   -1.57033    1.48359e-05   +0.78540
  5    4.64159e-04    4   +4.87156e-09   -1.04906e-05   +1.04906e-05   +1.04906e-05    1.04906e-05   -1.57033    1.48359e-05   +0.78540
  5    4.64159e-04    5   +4.87156e-09   -1.04906e-05   +1.04906e-05   +1.04906e-05    1.04906e-05   -1.57033    1.48359e-05   +0.78540
  5    4.64159e-04    6   +4.87156e-09   -1.04906e-05   +1.04906e-05   +1.04906e-05    1.04906e-05   -1.57033    1.48359e-05   +0.78540
  5    4.64159e-04    7   +4.87156e-09   -1.04906e-05   +1.04906e-05   +1.04906e-05    1.04906e-05   -1.57033    1.48359e-05   +0.78540
  5    4.64159e-04    8   +4.87156e-09   -1.04906e-05   +1.04906e-05   +1.04906e-05    1.04906e-05   -1.57033    1.48359e-05   +0.78540
  5    4.64159e-04    9   +4.87156e-09   -1.04906e-05   +1.04906e-05   +1.04906e-05    1.04906e-05   -1.57033    1.48359e-05   +0.78540
  5    4.64159e-04   10   +4.87156e-09   -1.04955e-05   +1.04906e-05   +0.00000e+00    1.04955e-05   -1.57033    1.04906e-05   +0.00000

  6    6.81292e-04    0   +1.53687e-05   +1.04705e-08   +0.00000e+00   +1.53582e-05    1.53687e-05   +0.00068    1.53582e-05   +1.57080
  6    6.81292e-04    1   +1.04705e-08   -1.53582e-05   +1.53582e-05   +1.53582e-05    1.53582e-05   -1.57011    2.17198e-05   +0.78540
  6    6.81292e-04    2   +1.04705e-08   -1.53582e-05   +1.53582e-05   +1.53582e-05    1.53582e-05   -1.57011    2.17198e-05   +0.78540
  6    6.81292e-04    3   +1.04705e-08   -1.53582e-05   +1.53582e-05   +1.53582e-05    1.53582e-05   -1.57011    2.17198e-05   +0.78540
  6    6.81292e-04    4   +1.04705e-08   -1.53582e-05   +1.53582e-05   +1.53582e-05    1.53582e-05   -1.57011    2.17198e-05   +0.78540
  6    6.81292e-04    5   +1.04705e-08   -1.53582e-05   +1.53582e-05   +1.53582e-05    1.53582e-05   -1.57011    2.17198e-05   +0.78540
  6    6.81292e-04    6   +1.04705e-08   -1.53582e-05   +1.53582e-05   +1.53582e-05    1.53582e-05   -1.57011    2.17198e-05   +0.78540
  6    6.81292e-04    7   +1.04705e-08   -1.53582e-05   +1.53582e-05   +1.53582e-05    1.53582e-05   -1.57011    2.17198e-05   +0.78540
  6    6.81292e-04    8   +1.04705e-08   -1.53582e-05   +1.53582e-05   +1.53582e-05    1.53582e-05   -1.57011    2.17198e-05   +0.78540
  6    6.81292e-04    9   +1.04705e-08   -1.53582e-05   +1.53582e-05   +1.53582e-05    1.53582e-05   -1.57011    2.17198e-05   +0.78540
  6    6.81292e-04   10   +1.04705e-08   -1.53687e-05   +1.53582e-05   +0.00000e+00    1.53687e-05   -1.57012    1.53582e-05   +0.00000

  7    1.00000e-03    0   +2.24797e-05   +2.24797e-08   +0.00000e+00   +2.24573e-05    2.24798e-05   +0.00100    2.24573e-05   +1.57080
  7    1.00000e-03    1   +2.24797e-08   -2.24573e-05   +2.24573e-05   +2.24573e-05    2.24573e-05   -1.56980    3.17594e-05   +0.78540
  7    1.00000e-03    2   +2.24797e-08   -2.24573e-05   +2.24573e-05   +2.24573e-05    2.24573e-05   -1.56980    3.17594e-05   +0.78540
  7    1.00000e-03    3   +2.24797e-08   -2.24573e-05   +2.24573e-05   +2.24573e-05    2.24573e-05   -1.56980    3.17594e-05   +0.78540
  7    1.00000e-03    4   +2.24797e-08   -2.24573e-05   +2.24573e-05   +2.24573e-05    2.24573e-05   -1.56980    3.17594e-05   +0.78540
  7    1.00000e-03    5   +2.24797e-08   -2.24573e-05   +2.24573e-05   +2.24573e-05    2.24573e-05   -1.56980    3.17594e-05   +0.78540
  7    1.00000e-03    6   +2.24797e-08   -2.24573e-05   +2.24573e-05   +2.24573e-05    2.24573e-05   -1.56980    3.17594e-05   +0.78540
  7    1.00000e-03    7   +2.24797e-08   -2.24573e-05   +2.24573e-05   +2.24573e-05    2.24573e-05   -1.56980    3.17594e-05   +0.78540
  7    1.00000e-03    8   +2.24797e-08   -2.24573e-05   +2.24573e-05   +2.24573e-05    2.24573e-05   -1.56980    3.17594e-05   +0.78540
  7    1.00000e-03    9   +2.24797e-08   -2.24573e-05   +2.24573e-05   +2.24573e-05    2.24573e-05   -1.56980    3.17594e-05   +0.78540
  7    1.00000e-03   10   +2.24797e-08   -2.24797e-05   +2.24573e-05   +0.00000e+00    2.24798e-05   -1.56980    2.24573e-05   +0.00000

  8    1.46780e-03    0   +3.28283e-05   +4.81853e-08   +0.00000e+00   +3.27801e-05    3.28283e-05   +0.00147    3.27801e-05   +1.57080
  8    1.46780e-03    1   +4.81853e-08   -3.27801e-05   +3.27801e-05   +3.27801e-05    3.27801e-05   -1.56933    4.63580e-05   +0.78540
  8    1.46780e-03    2   +4.81853e-08   -3.27801e-05   +3.27801e-05   +3.27801e-05    3.27801e-05   -1.56933    4.63580e-05   +0.78540
  8    1.46780e-03    3   +4.81853e-08   -3.27801e-05   +3.27801e-05   +3.27801e-05    3.27801e-05   -1.56933    4.63580e-05   +0.78540
  8    1.46780e-03    4   +4.81853e-08   -3.27801e-05   +3.27801e-05   +3.27801e-05    3.27801e-05   -1.56933    4.63580e-05   +0.78540
  8    1.46780e-03    5   +4.81853e-08   -3.27801e-05   +3.27801e-05   +3.27801e-05    3.27801e-05   -1.56933    4.63580e-05   +0.78540
  8    1.46780e-03    6   +4.81853e-08   -3.27801e-05   +3.27801e-05   +3.27801e-05    3.27801e-05   -1.56933    4.63580e-05   +0.78540
  8    1.46780e-03    7   +4.81853e-08   -3.27801e-05   +3.27801e-05   +3.27801e-05    3.27801e-05   -1.56933    4.63580e-05   +0.78540
  8    1.46780e-03    8   +4.81853e-08   -3.27801e-05   +3.27801e-05   +3.27801e-05    3.27801e-05   -1.56933    4.63580e-05   +0.78540
  8    1.46780e-03    9   +4.81853e-08   -3.27801e-05   +3.27801e-05   +3.27801e-05    3.27801e-05   -1.56933    4.63580e-05   +0.78540
  8    1.46780e-03   10   +4.81853e-08   -3.28283e-05   +3.27801e-05   +0.00000e+00    3.28283e-05   -1.56933    3.27801e-05   +0.00000

  9    2.15443e-03    0   +4.78285e-05   +1.03043e-07   +0.00000e+00   +4.77255e-05    4.78286e-05   +0.00215    4.77255e-05   +1.57080
  9    2.15443e-03    1   +1.03043e-07   -4.77255e-05   +4.77255e-05   +4.77255e-05    4.77256e-05   -1.56864    6.74940e-05   +0.78540
  9    2.15443e-03    2   +1.03043e-07   -4.77255e-05   +4.77255e-05   +4.77255e-05    4.77256e-05   -1.56864    6.74940e-05   +0.78540
  9    2.15443e-03    3   +1.03043e-07   -4.77255e-05   +4.77255e-05   +4.77255e-05    4.77256e-05   -1.56864    6.74940e-05   +0.78540
  9    2.15443e-03    4   +1.03043e-07   -4.77255e-05   +4.77255e-05   +4.77255e-05    4.77256e-05   -1.56864    6.74940e-05   +0.78540
  9    2.15443e-03    5   +1.03043e-07   -4.77255e-05   +4.77255e-05   +4.77255e-05    4.77256e-05   -1.56864    6.74940e-05   +0.78540
  9    2.15443e-03    6   +1.03043e-07   -4.77255e-05   +4.77255e-05   +4.77255e-05    4.77256e-05   -1.56864    6.74940e-05   +0.78540
  9    2.15443e-03    7   +1.03043e-07   -4.77255e-05   +4.77255e-05   +4.77255e-05    4.77256e-05   -1.56864    6.74940e-05   +0.78540
  9    2.15443e-03    8   +1.03043e-07   -4.77255e-05   +4.77255e-05   +4.77255e-05    4.77256e-05   -1.56864    6.74940e-05   +0.78540
  9    2.15443e-03    9   +1.03043e-07   -4.77255e-05   +4.77255e-05   +4.77255e-05    4.77256e-05   -1.56864    6.74940e-05   +0.78540
  9    2.15443e-03   10   +1.03043e-07   -4.78285e-05   +4.77255e-05   +0.00000e+00    4.78286e-05   -1.56864    4.77255e-05   +0.00000

 10    3.16228e-03    0   +6.94466e-05   +2.19609e-07   +0.00000e+00   +6.92270e-05    6.94469e-05   +0.00316    6.92270e-05   +1.57080
 10    3.16228e-03    1   +2.19609e-07   -6.92270e-05   +6.92270e-05   +6.92270e-05    6.92273e-05   -1.56762    9.79017e-05   +0.78540
 10    3.16228e-03    2   +2.19609e-07   -6.92270e-05   +6.92270e-05   +6.92270e-05    6.92273e-05   -1.56762    9.79017e-05   +0.78540
 10    3.16228e-03    3   +2.19609e-07   -6.92270e-05   +6.92270e-05   +6.92270e-05    6.92273e-05   -1.56762    9.79017e-05   +0.78540
 10    3.16228e-03    4   +2.19609e-07   -6.92270e-05   +6.92270e-05   +6.92270e-05    6.92273e-05   -1.56762    9.79017e-05   +0.78540
 10    3.16228e-03    5   +2.19609e-07   -6.92270e-05   +6.92270e-05   +6.92270e-05    6.92273e-05   -1.56762    9.79017e-05   +0.78540
 10    3.16228e-03    6   +2.19609e-07   -6.92270e-05   +6.92270e-05   +6.92270e-05    6.92273e-05   -1.56762    9.79017e-05   +0.78540
 10    3.16228e-03    7   +2.19609e-07   -6.92270e-05   +6.92270e-05   +6.92270e-05    6.92273e-05   -1.56762    9.79017e-05   +0.78540
 10    3.16228e-03    8   +2.19609e-07   -6.92270e-05   +6.92270e-05   +6.92270e-05    6.92273e-05   -1.56762    9.79017e-05   +0.78540
 10    3.16228e-03    9   +2.19609e-07   -6.92270e-05   +6.92270e-05   +6.92270e-05    6.92273e-05   -1.56762    9.79017e-05   +0.78540
 10    3.16228e-03   10   +2.19609e-07   -6.94466e-05   +6.92270e-05   +0.00000e+00    6.94469e-05   -1.56763    6.92270e-05   +0.00000

 11    4.64159e-03    0   +1.00343e-04   +4.65753e-07   +0.00000e+00   +9.98777e-05    1.00345e-04   +0.00464    9.98777e-05   +1.57080
 11    4.64159e-03    1   +4.65753e-07   -9.98777e-05   +9.98777e-05   +9.98777e-05    9.98788e-05   -1.56613    1.41248e-04   +0.78540
 11    4.64159e-03    2   +4.65753e-07   -9.98777e-05   +9.98777e-05   +9.98777e-05    9.98788e-05   -1.56613    1.41248e-04   +0.78540
 11    4.64159e-03    3   +4.65753e-07   -9.98777e-05   +9.98777e-05   +9.98777e-05    9.98788e-05   -1.56613    1.41248e-04   +0.78540
 11    4.64159e-03    4   +4.65753e-07   -9.98777e-05   +9.98777e-05   +9.98777e-05    9.98788e-05   -1.56613    1.41248e-04   +0.78540
 11    4.64159e-03    5   +4.65753e-07   -9.98777e-05   +9.98777e-05   +9.98777e-05    9.98788e-05   -1.56613    1.41248e-04   +0.78540
 11    4.64159e-03    6   +4.65753e-07   -9.98777e-05   +9.98777e-05   +9.98777e-05    9.98788e-05   -1.56613    1.41248e-04   +0.78540
 11    4.64159e-03    7   +4.65753e-07   -9.98777e-05   +9.98777e-05   +9.98777e-05    9.98788e-05   -1.56613    1.41248e-04   +0.78540
 11    4.64159e-03    8   +4.65753e-07   -9.98777e-05   +9.98777e-05   +9.98777e-05    9.98788e-05   -1.56613    1.41248e-04   +0.78540
 11    4.64159e-03    9   +4.65753e-07   -9.98777e-05   +9.98777e-05   +9.98777e-05    9.98788e-05   -1.56613    1.41248e-04   +0.78540
 11    4.64159e-03   10   +4.65753e-07   -1.00343e-04   +9.98777e-05   +0.00000e+00    1.00345e-04   -1.56615    9.98777e-05   +0.00000

 12    6.81292e-03    0   +1.43975e-04   +9.80892e-07   +0.00000e+00   +1.42994e-04    1.43979e-04   +0.00681    1.42994e-04   +1.57080
 12    6.81292e-03    1   +9.80892e-07   -1.42994e-04   +1.42994e-04   +1.42994e-04    1.42998e-04   -1.56394    2.02225e-04   +0.78540
 12    6.81292e-03    2   +9.80892e-07   -1.42994e-04   +1.42994e-04   +1.42994e-04    1.42998e-04   -1.56394    2.02225e-04   +0.78540
 12    6.81292e-03    3   +9.80892e-07   -1.42994e-04   +1.42994e-04   +1.42994e-04    1.42998e-04   -1.56394    2.02225e-04   +0.78540
 12    6.81292e-03    4   +9.80892e-07   -1.42994e-04   +1.42994e-04   +1.42994e-04    1.42998e-04   -1.56394    2.02225e-04   +0.78540
 12    6.81292e-03    5   +9.80892e-07   -1.42994e-04   +1.42994e-04   +1.42994e-04    1.42998e-04   -1.56394    2.02225e-04   +0.78540
 12    6.81292e-03    6   +9.80892e-07   -1.42994e-04   +1.42994e-04   +1.42994e-04    1.42998e-04   -1.56394    2.02225e-04   +0.78540
 12    6.81292e-03    7   +9.80892e-07   -1.42994e-04   +1.42994e-04   +1.42994e-04    1.42998e-04   -1.56394    2.02225e-04   +0.78540
 12    6.81292e-03    8   +9.80892e-07   -1.42994e-04   +1.42994e-04   +1.42994e-04    1.42998e-04   -1.56394    2.02225e-04   +0.78540
 12    6.81292e-03    9   +9.80892e-07   -1.42994e-04   +1.42994e-04   +1.42994e-04    1.42998e-04   -1.56394    2.02225e-04   +0.78540
 12    6.81292e-03   10   +9.80892e-07   -1.43975e-04   +1.42994e-04   +0.00000e+00    1.43979e-04   -1.56398    1.42994e-04   +0.00000

 13    1.00000e-02    0   +2.04545e-04   +2.04545e-06   +0.00000e+00   +2.02500e-04    2.04556e-04   +0.01000    2.02500e-04   +1.57080
 13    1.00000e-02    1   +2.04545e-06   -2.02500e-04   +2.02500e-04   +2.02500e-04    2.02510e-04   -1.56070    2.86378e-04   +0.78540
 13    1.00000e-02    2   +2.04545e-06   -2.02500e-04   +2.02500e-04   +2.02500e-04    2.02510e-04   -1.56070    2.86378e-04   +0.78540
 13    1.00000e-02    3   +2.04545e-06   -2.02500e-04   +2.02500e-04   +2.02500e-04    2.02510e-04   -1.56070    2.86378e-04   +0.78540
 13    1.00000e-02    4   +2.04545e-06   -2.02500e-04   +2.02500e-04   +2.02500e-04    2.02510e-04   -1.56070    2.86378e-04   +0.78540
 13    1.00000e-02    5   +2.04545e-06   -2.02500e-04   +2.02500e-04   +2.02500e-04    2.02510e-04   -1.56070    2.86378e-04   +0.78540
 13    1.00000e-02    6   +2.04545e-06   -2.02500e-04   +2.02500e-04   +2.02500e-04    2.02510e-04   -1.56070    2.86378e-04   +0.78540
 13    1.00000e-02    7   +2.04545e-06   -2.02500e-04   +2.02500e-04   +2.02500e-04    2.02510e-04   -1.56070    2.86378e-04   +0.78540
 13    1.00000e-02    8   +2.04545e-06   -2.02500e-04   +2.02500e-04   +2.02500e-04    2.02510e-04   -1.56070    2.86378e-04   +0.78540
 13    1.00000e-02    9   +2.04545e-06   -2.02500e-04   +2.02500e-04   +2.02500e-04    2.02510e-04   -1.56070    2.86378e-04   +0.78540
 13    1.00000e-02   10   +2.04545e-06   -2.04545e-04   +2.02500e-04   +0.00000e+00    2.04556e-04   -1.56080    2.02500e-04   +0.00000

 14    1.46780e-02    0   +2.86624e-04   +4.20706e-06   +0.00000e+00   +2.82417e-04    2.86655e-04   +0.01468    2.82417e-04   +1.57080
 14    1.46780e-02    1   +4.20706e-06   -2.82417e-04   +2.82417e-04   +2.82417e-04    2.82448e-04   -1.55590    3.99397e-04   +0.78540
 14    1.46780e-02    2   +4.20706e-06   -2.82417e-04   +2.82417e-04   +2.82417e-04    2.82448e-04   -1.55590    3.99397e-04   +0.78540
 14    1.46780e-02    3   +4.20706e-06   -2.82417e-04   +2.82417e-04   +2.82417e-04    2.82448e-04   -1.55590    3.99397e-04   +0.78540
 14    1.46780e-02    4   +4.20706e-06   -2.82417e-04   +2.82417e-04   +2.82417e-04    2.82448e-04   -1.55590    3.99397e-04   +0.78540
 14    1.46780e-02    5   +4.20706e-06   -2.82417e-04   +2.82417e-04   +2.82417e-04    2.82448e-04   -1.55590    3.99397e-04   +0.78540
 14    1.46780e-02    6   +4.20706e-06   -2.82417e-04   +2.82417e-04   +2.82417e-04    2.82448e-04   -1.55590    3.99397e-04   +0.78540
 14    1.46780e-02    7   +4.20706e-06   -2.82417e-04   +2.82417e-04   +2.82417e-04    2.82448e-04   -1.55590    3.99397e-04   +0.78540
 14    1.46780e-02    8   +4.20706e-06   -2.82417e-04   +2.82417e-04   +2.82417e-04    2.82448e-04   -1.55590    3.99397e-04   +0.78540
 14    1.46780e-02    9   +4.20706e-06   -2.82417e-04   +2.82417e-04   +2.82417e-04    2.82448e-04   -1.55590    3.99397e-04   +0.78540
 14    1.46780e-02   10   +4.20706e-06   -2.86624e-04   +2.82417e-04   +0.00000e+00    2.86655e-04   -1.55612    2.82417e-04   +0.00000

 15    2.15443e-02    0   +3.94173e-04   +8.49220e-06   +0.00000e+00   +3.85681e-04    3.94265e-04   +0.02154    3.85681e-04   +1.57080
 15    2.15443e-02    1   +8.49220e-06   -3.85681e-04   +3.85681e-04   +3.85681e-04    3.85774e-04   -1.54878    5.45435e-04   +0.78540
 15    2.15443e-02    2   +8.49220e-06   -3.85681e-04   +3.85681e-04   +3.85681e-04    3.85774e-04   -1.54878    5.45435e-04   +0.78540
 15    2.15443e-02    3   +8.49220e-06   -3.85681e-04   +3.85681e-04   +3.85681e-04    3.85774e-04   -1.54878    5.45435e-04   +0.78540
 15    2.15443e-02    4   +8.49220e-06   -3.85681e-04   +3.85681e-04   +3.85681e-04    3.85774e-04   -1.54878    5.45435e-04   +0.78540
 15    2.15443e-02    5   +8.49220e-06   -3.85681e-04   +3.85681e-04   +3.85681e-04    3.85774e-04   -1.54878    5.45435e-04   +0.78540
 15    2.15443e-02    6   +8.49220e-06   -3.85681e-04   +3.85681e-04   +3.85681e-04    3.85774e-04   -1.54878    5.45435e-04   +0.78540
 15    2.15443e-02    7   +8.49220e-06   -3.85681e-04   +3.85681e-04   +3.85681e-04    3.85774e-04   -1.54878    5.45435e-04   +0.78540
 15    2.15443e-02    8   +8.49220e-06   -3.85681e-04   +3.85681e-04   +3.85681e-04    3.85774e-04   -1.54878    5.45435e-04   +0.78540
 15    2.15443e-02    9   +8.49220e-06   -3.85681e-04   +3.85681e-04   +3.85681e-04    3.85774e-04   -1.54878    5.45435e-04   +0.78540
 15    2.15443e-02   10   +8.49220e-06   -3.94173e-04   +3.85681e-04   +0.00000e+00    3.94265e-04   -1.54926    3.85681e-04   +0.00000

 16    3.16228e-02    0   +5.28763e-04   +1.67209e-05   +0.00000e+00   +5.12042e-04    5.29027e-04   +0.03161    5.12042e-04   +1.57080
 16    3.16228e-02    1   +1.67209e-05   -5.12042e-04   +5.12042e-04   +5.12042e-04    5.12315e-04   -1.53815    7.24136e-04   +0.78540
 16    3.16228e-02    2   +1.67209e-05   -5.12042e-04   +5.12042e-04   +5.12042e-04    5.12315e-04   -1.53815    7.24136e-04   +0.78540
 16    3.16228e-02    3   +1.67209e-05   -5.12042e-04   +5.12042e-04   +5.12042e-04    5.12315e-04   -1.53815    7.24136e-04   +0.78540
 16    3.16228e-02    4   +1.67209e-05   -5.12042e-04   +5.12042e-04   +5.12042e-04    5.12315e-04   -1.53815    7.24136e-04   +0.78540
 16    3.16228e-02    5   +1.67209e-05   -5.12042e-04   +5.12042e-04   +5.12042e-04    5.12315e-04   -1.53815    7.24136e-04   +0.78540
 16    3.16228e-02    6   +1.67209e-05   -5.12042e-04   +5.12042e-04   +5.12042e-04    5.12315e-04   -1.53815    7.24136e-04   +0.78540
 16    3.16228e-02    7   +1.67209e-05   -5.12042e-04   +5.12042e-04   +5.12042e-04    5.12315e-04   -1.53815    7.24136e-04   +0.78540
 16    3.16228e-02    8   +1.67209e-05   -5.12042e-04   +5.12042e-04   +5.12042e-04    5.12315e-04   -1.53815    7.24136e-04   +0.78540
 16    3.16228e-02    9   +1.67209e-05   -5.12042e-04   +5.12042e-04   +5.12042e-04    5.12315e-04   -1.53815    7.24136e-04   +0.78540
 16    3.16228e-02   10   +1.67209e-05   -5.28763e-04   +5.12042e-04   +0.00000e+00    5.29027e-04   -1.53918    5.12042e-04   +0.00000

 17    4.64159e-02    0   +6.87044e-04   +3.18898e-05   +0.00000e+00   +6.55155e-04    6.87784e-04   +0.04638    6.55155e-04   +1.57080
 17    4.64159e-02    1   +3.18898e-05   -6.55155e-04   +6.55155e-04   +6.55155e-04    6.55930e-04   -1.52216    9.26529e-04   +0.78540
 17    4.64159e-02    2   +3.18898e-05   -6.55155e-04   +6.55155e-04   +6.55155e-04    6.55930e-04   -1.52216    9.26529e-04   +0.78540
 17    4.64159e-02    3   +3.18898e-05   -6.55155e-04   +6.55155e-04   +6.55155e-04    6.55930e-04   -1.52216    9.26529e-04   +0.78540
 17    4.64159e-02    4   +3.18898e-05   -6.55155e-04   +6.55155e-04   +6.55155e-04    6.55930e-04   -1.52216    9.26529e-04   +0.78540
 17    4.64159e-02    5   +3.18898e-05   -6.55155e-04   +6.55155e-04   +6.55155e-04    6.55930e-04   -1.52216    9.26529e-04   +0.78540
 17    4.64159e-02    6   +3.18898e-05   -6.55155e-04   +6.55155e-04   +6.55155e-04    6.55930e-04   -1.52216    9.26529e-04   +0.78540
 17    4.64159e-02    7   +3.18898e-05   -6.55155e-04   +6.55155e-04   +6.55155e-04    6.55930e-04   -1.52216    9.26529e-04   +0.78540
 17    4.64159e-02    8   +3.18898e-05   -6.55155e-04   +6.55155e-04   +6.55155e-04    6.55930e-04   -1.52216    9.26529e-04   +0.78540
 17    4.64159e-02    9   +3.18898e-05   -6.55155e-04   +6.55155e-04   +6.55155e-04    6.55930e-04   -1.52216    9.26529e-04   +0.78540
 17    4.64159e-02   10   +3.18898e-05   -6.87044e-04   +6.55155e-04   +0.00000e+00    6.87784e-04   -1.52441    6.55155e-04   +0.00000

 18    6.81292e-02    0   +8.58209e-04   +5.84691e-05   +0.00000e+00   +7.99740e-04    8.60199e-04   +0.06802    7.99740e-04   +1.57080
 18    6.81292e-02    1   +5.84691e-05   -7.99740e-04   +7.99740e-04   +7.99740e-04    8.01875e-04   -1.49782    1.13100e-03   +0.78540
 18    6.81292e-02    2   +5.84691e-05   -7.99740e-04   +7.99740e-04   +7.99740e-04    8.01875e-04   -1.49782    1.13100e-03   +0.78540
 18    6.81292e-02    3   +5.84691e-05   -7.99740e-04   +7.99740e-04   +7.99740e-04    8.01875e-04   -1.49782    1.13100e-03   +0.78540
 18    6.81292e-02    4   +5.84691e-05   -7.99740e-04   +7.99740e-04   +7.99740e-04    8.01875e-04   -1.49782    1.13100e-03   +0.78540
 18    6.81292e-02    5   +5.84691e-05   -7.99740e-04   +7.99740e-04   +7.99740e-04    8.01875e-04   -1.49782    1.13100e-03   +0.78540
 18    6.81292e-02    6   +5.84691e-05   -7.99740e-04   +7.99740e-04   +7.99740e-04    8.01875e-04   -1.49782    1.13100e-03   +0.78540
 18    6.81292e-02    7   +5.84691e-05   -7.99740e-04   +7.99740e-04   +7.99740e-04    8.01875e-04   -1.49782    1.13100e-03   +0.78540
 18    6.81292e-02    8   +5.84691e-05   -7.99740e-04   +7.99740e-04   +7.99740e-04    8.01875e-04   -1.49782    1.13100e-03   +0.78540
 18    6.81292e-02    9   +5.84691e-05   -7.99740e-04   +7.99740e-04   +7.99740e-04    8.01875e-04   -1.49782    1.13100e-03   +0.78540
 18    6.81292e-02   10   +5.84691e-05   -8.58209e-04   +7.99740e-04   +0.00000e+00    8.60199e-04   -1.50277    7.99740e-04   +0.00000

 19    1.00000e-01    0   +1.02273e-03   +1.02273e-04   +0.00000e+00   +9.20455e-04    1.02783e-03   +0.09967    9.20455e-04   +1.57080
 19    1.00000e-01    1   +1.02273e-04   -9.20455e-04   +9.20455e-04   +9.20455e-04    9.26119e-04   -1.46014    1.30172e-03   +0.78540
 19    1.00000e-01    2   +1.02273e-04   -9.20455e-04   +9.20455e-04   +9.20455e-04    9.26119e-04   -1.46014    1.30172e-03   +0.78540
 19    1.00000e-01    3   +1.02273e-04   -9.20455e-04   +9.20455e-04   +9.20455e-04    9.26119e-04   -1.46014    1.30172e-03   +0.78540
 19    1.00000e-01    4   +1.02273e-04   -9.20455e-04   +9.20455e-04   +9.20455e-04    9.26119e-04   -1.46014    1.30172e-03   +0.78540
 19    1.00000e-01    5   +1.02273e-04   -9.20455e-04   +9.20455e-04   +9.20455e-04    9.26119e-04   -1.46014    1.30172e-03   +0.78540
 19    1.00000e-01    6   +1.02273e-04   -9.20455e-04   +9.20455e-04   +9.20455e-04    9.26119e-04   -1.46014    1.30172e-03   +0.78540
 19    1.00000e-01    7   +1.02273e-04   -9.20455e-04   +9.20455e-04   +9.20455e-04    9.26119e-04   -1.46014    1.30172e-03   +0.78540
 19    1.00000e-01    8   +1.02273e-04   -9.20455e-04   +9.20455e-04   +9.20455e-04    9.26119e-04   -1.46014    1.30172e-03   +0.78540
 19    1.00000e-01    9   +1.02273e-04   -9.20455e-04   +9.20455e-04   +9.20455e-04    9.26119e-04   -1.46014    1.30172e-03   +0.78540
 19    1.00000e-01   10   +1.02273e-04   -1.02273e-03   +9.20455e-04   +0.00000e+00    1.02783e-03   -1.47113    9.20455e-04   +0.00000

 20    1.46780e-01    0   +1.15336e-03   +1.69290e-04   +0.00000e+00   +9.84071e-04    1.16572e-03   +0.14574    9.84071e-04   +1.57080
 20    1.46780e-01    1   +1.69290e-04   -9.84071e-04   +9.84071e-04   +9.84071e-04    9.98526e-04   -1.40043    1.39169e-03   +0.78540
 20    1.46780e-01    2   +1.69290e-04   -9.84071e-04   +9.84071e-04   +9.84071e-04    9.98526e-04   -1.40043    1.39169e-03   +0.78540
 20    1.46780e-01    3   +1.69290e-04   -9.84071e-04   +9.84071e-04   +9.84071e-04    9.98526e-04   -1.40043    1.39169e-03   +0.78540
 20    1.46780e-01    4   +1.69290e-04   -9.84071e-04   +9.84071e-04   +9.84071e-04    9.98526e-04   -1.40043    1.39169e-03   +0.78540
 20    1.46780e-01    5   +1.69290e-04   -9.84071e-04   +9.84071e-04   +9.84071e-04    9.98526e-04   -1.40043    1.39169e-03   +0.78540
 20    1.46780e-01    6   +1.69290e-04   -9.84071e-04   +9.84071e-04   +9.84071e-04    9.98526e-04   -1.40043    1.39169e-03   +0.78540
 20    1.46780e-01    7   +1.69290e-04   -9.84071e-04   +9.84071e-04   +9.84071e-04    9.98526e-04   -1.40043    1.39169e-03   +0.78540
 20    1.46780e-01    8   +1.69290e-04   -9.84071e-04   +9.84071e-04   +9.84071e-04    9.98526e-04   -1.40043    1.39169e-03   +0.78540
 20    1.46780e-01    9   +1.69290e-04   -9.84071e-04   +9.84071e-04   +9.84071e-04    9.98526e-04   -1.40043    1.39169e-03   +0.78540
 20    1.46780e-01   10   +1.69290e-04   -1.15336e-03   +9.84071e-04   +0.00000e+00    1.16572e-03   -1.42506    9.84071e-04   +0.00000

 21    2.15443e-01    0   +1.21782e-03   +2.62372e-04   +0.00000e+00   +9.55449e-04    1.24576e-03   +0.21220    9.55449e-04   +1.57080
 21    2.15443e-01    1   +2.62372e-04   -9.55449e-04   +9.55449e-04   +9.55449e-04    9.90819e-04   -1.30280    1.35121e-03   +0.78540
 21    2.15443e-01    2   +2.62372e-04   -9.55449e-04   +9.55449e-04   +9.55449e-04    9.90819e-04   -1.30280    1.35121e-03   +0.78540
 21    2.15443e-01    3   +2.62372e-04   -9.55449e-04   +9.55449e-04   +9.55449e-04    9.90819e-04   -1.30280    1.35121e-03   +0.78540
 21    2.15443e-01    4   +2.62372e-04   -9.55449e-04   +9.55449e-04   +9.55449e-04    9.90819e-04   -1.30280    1.35121e-03   +0.78540
 21    2.15443e-01    5   +2.62372e-04   -9.55449e-04   +9.55449e-04   +9.55449e-04    9.90819e-04   -1.30280    1.35121e-03   +0.78540
 21    2.15443e-01    6   +2.62372e-04   -9.55449e-04   +9.55449e-04   +9.55449e-04    9.90819e-04   -1.30280    1.35121e-03   +0.78540
 21    2.15443e-01    7   +2.62372e-04   -9.55449e-04   +9.55449e-04   +9.55449e-04    9.90819e-04   -1.30280    1.35121e-03   +0.78540
 21    2.15443e-01    8   +2.62372e-04   -9.55449e-04   +9.55449e-04   +9.55449e-04    9.90819e-04   -1.30280    1.35121e-03   +0.78540
 21    2.15443e-01    9   +2.62372e-04   -9.55449e-04   +9.55449e-04   +9.55449e-04    9.90819e-04   -1.30280    1.35121e-03   +0.78540
 21    2.15443e-01   10   +2.62372e-04   -1.21782e-03   +9.55449e-04   +0.00000e+00    1.24576e-03   -1.35860    9.55449e-04   +0.00000

 22    3.16228e-01    0   +1.18067e-03   +3.73360e-04   +0.00000e+00   +8.07308e-04    1.23829e-03   +0.30628    8.07308e-04   +1.57080
 22    3.16228e-01    1   +3.73360e-04   -8.07308e-04   +8.07308e-04   +8.07308e-04    8.89463e-04   -1.13762    1.14171e-03   +0.78540
 22    3.16228e-01    2   +3.73360e-04   -8.07308e-04   +8.07308e-04   +8.07308e-04    8.89463e-04   -1.13762    1.14171e-03   +0.78540
 22    3.16228e-01    3   +3.73360e-04   -8.07308e-04   +8.07308e-04   +8.07308e-04    8.89463e-04   -1.13762    1.14171e-03   +0.78540
 22    3.16228e-01    4   +3.73360e-04   -8.07308e-04   +8.07308e-04   +8.07308e-04    8.89463e-04   -1.13762    1.14171e-03   +0.78540
 22    3.16228e-01    5   +3.73360e-04   -8.07308e-04   +8.07308e-04   +8.07308e-04    8.89463e-04   -1.13762    1.14171e-03   +0.78540
 22    3.16228e-01    6   +3.73360e-04   -8.07308e-04   +8.07308e-04   +8.07308e-04    8.89463e-04   -1.13762    1.14171e-03   +0.78540
 22    3.16228e-01    7   +3.73360e-04   -8.07308e-04   +8.07308e-04   +8.07308e-04    8.89463e-04   -1.13762    1.14171e-03   +0.78540
 22    3.16228e-01    8   +3.73360e-04   -8.07308e-04   +8.07308e-04   +8.07308e-04    8.89463e-04   -1.13762    1.14171e-03   +0.78540
 22    3.16228e-01    9   +3.73360e-04   -8.07308e-04   +8.07308e-04   +8.07308e-04    8.89463e-04   -1.13762    1.14171e-03   +0.78540
 22    3.16228e-01   10   +3.73360e-04   -1.18067e-03   +8.07308e-04   +0.00000e+00    1.23829e-03   -1.26452    8.07308e-04   +0.00000

 23    4.64159e-01    0   +1.00196e-03   +4.65067e-04   +0.00000e+00   +5.36889e-04    1.10463e-03   +0.43457    5.36889e-04   +1.57080
 23    4.64159e-01    1   +4.65067e-04   -5.36889e-04   +5.36889e-04   +5.36889e-04    7.10308e-04   -0.85696    7.59276e-04   +0.78540
 23    4.64159e-01    2   +4.65067e-04   -5.36889e-04   +5.36889e-04   +5.36889e-04    7.10308e-04   -0.85696    7.59276e-04   +0.78540
 23    4.64159e-01    3   +4.65067e-04   -5.36889e-04   +5.36889e-04   +5.36889e-04    7.10308e-04   -0.85696    7.59276e-04   +0.78540
 23    4.64159e-01    4   +4.65067e-04   -5.36889e-04   +5.36889e-04   +5.36889e-04    7.10308e-04   -0.85696    7.59276e-04   +0.78540
 23    4.64159e-01    5   +4.65067e-04   -5.36889e-04   +5.36889e-04   +5.36889e-04    7.10308e-04   -0.85696    7.59276e-04   +0.78540
 23    4.64159e-01    6   +4.65067e-04   -5.36889e-04   +5.36889e-04   +5.36889e-04    7.10308e-04   -0.85696    7.59276e-04   +0.78540
 23    4.64159e-01    7   +4.65067e-04   -5.36889e-04   +5.36889e-04   +5.36889e-04    7.10308e-04   -0.85696    7.59276e-04   +0.78540
 23    4.64159e-01    8   +4.65067e-04   -5.36889e-04   +5.36889e-04   +5.36889e-04    7.10308e-04   -0.85696    7.59276e-04   +0.78540
 23    4.64159e-01    9   +4.65067e-04   -5.36889e-04   +5.36889e-04   +5.36889e-04    7.10308e-04   -0.85696    7.59276e-04   +0.78540
 23    4.64159e-01   10   +4.65067e-04   -1.00196e-03   +5.36889e-04   +0.00000e+00    1.10463e-03   -1.13623    5.36889e-04   +0.00000

 24    6.81292e-01    0   +6.31626e-04   +4.30322e-04   +0.00000e+00   +2.01304e-04    7.64283e-04   +0.59806    2.01304e-04   +1.57080
 24    6.81292e-01    1   +4.30322e-04   -2.01304e-04   +2.01304e-04   +2.01304e-04    4.75079e-04   -0.43756    2.84687e-04   +0.78540
 24    6.81292e-01    2   +4.30322e-04   -2.01304e-04   +2.01304e-04   +2.01304e-04    4.75079e-04   -0.43756    2.84687e-04   +0.78540
 24    6.81292e-01    3   +4.30322e-04   -2.01304e-04   +2.01304e-04   +2.01304e-04    4.75079e-04   -0.43756    2.84687e-04   +0.78540
 24    6.81292e-01    4   +4.30322e-04   -2.01304e-04   +2.01304e-04   +2.01304e-04    4.75079e-04   -0.43756    2.84687e-04   +0.78540
 24    6.81292e-01    5   +4.30322e-04   -2.01304e-04   +2.01304e-04   +2.01304e-04    4.75079e-04   -0.43756    2.84687e-04   +0.78540
 24    6.81292e-01    6   +4.30322e-04   -2.01304e-04   +2.01304e-04   +2.01304e-04    4.75079e-04   -0.43756    2.84687e-04   +0.78540
 24    6.81292e-01    7   +4.30322e-04   -2.01304e-04   +2.01304e-04   +2.01304e-04    4.75079e-04   -0.43756    2.84687e-04   +0.78540
 24    6.81292e-01    8   +4.30322e-04   -2.01304e-04   +2.01304e-04   +2.01304e-04    4.75079e-04   -0.43756    2.84687e-04   +0.78540
 24    6.81292e-01    9   +4.30322e-04   -2.01304e-04   +2.01304e-04   +2.01304e-04    4.75079e-04   -0.43756    2.84687e-04   +0.78540
 24    6.81292e-01   10   +4.30322e-04   -6.31626e-04   +2.01304e-04   +0.00000e+00    7.64283e-04   -0.97274    2.01304e-04   +0.00000

 25    1.00000e+00    0   +0.00000e+00   +0.00000e+00   +0.00000e+00   +0.00000e+00    0.00000e+00   +0.00000    0.00000e+00   +0.00000
 25    1.00000e+00    1   +0.00000e+00   +0.00000e+00   +0.00000e+00   +0.00000e+00    0.00000e+00   +0.00000    0.00000e+00   +0.00000
 25    1.00000e+00    2   +0.00000e+00   +0.00000e+00   +0.00000e+00   +0.00000e+00    0.00000e+00   +0.00000    0.00000e+00   +0.00000
 25    1.00000e+00    3   +0.00000e+00   +0.00000e+00   +0.00000e+00   +0.00000e+00    0.00000e+00   +0.00000    0.00000e+00   +0.00000
 25    1.00000e+00    4   +0.00000e+00   +0.00000e+00   +0.00000e+00   +0.00000e+00    0.00000e+00   +0.00000    0.00000e+00   +0.00000
 25    1.00000e+00    5   +0.00000e+00   +0.00000e+00   +0.00000e+00   +0.00000e+00    0.00000e+00   +0.00000    0.00000e+00   +0.00000
 25    1.00000e+00    6   +0.00000e+00   +0.00000e+00   +0.00000e+00   +0.00000e+00    0.00000e+00   +0.00000    0.00000e+00   +0.00000
 25    1.00000e+00    7   +0.00000e+00   +0.00000e+00   +0.00000e+00   +0.00000e+00    0.00000e+00   +0.00000    0.00000e+00   +0.00000
 25    1.00000e+00    8   +0.00000e+00   +0.00000e+00   +0.00000e+00   +0.00000e+00    0.00000e+00   +0.00000    0.00000e+00   +0.00000
 25    1.00000e+00    9   +0.00000e+00   +0.00000e+00   +0.00000e+00   +0.00000e+00    0.00000e+00   +0.00000    0.00000e+00   +0.00000
 25    1.00000e+00   10   +0.00000e+00   +0.00000e+00   +0.00000e+00   +0.00000e+00    0.00000e+00   +0.00000    0.00000e+00   +0.00000

