# TCRW Fig 3(j) exact: total wall angles vs ω (L=10, D_r=1e-3)
# Generated by tcrw_fig3_exact_dump.py — exact authors-Python data
# columns: iW  ω  Jx_Dr_tot Jy_Dr_tot Jx_om_tot Jy_om_tot th_Dr_tot th_om_tot
  1   0.0000   +2.27045e-05   +2.24573e-04   +2.24573e-04   -2.24573e-04   +1.47004   -0.78540
  2   0.0500   +2.27045e-05   +2.02115e-04   +2.24573e-04   -2.02115e-04   +1.45893   -0.73282
  3   0.1000   +2.27045e-05   +1.79658e-04   +2.24573e-04   -1.79658e-04   +1.44509   -0.67474
  4   0.1500   +2.27045e-05   +1.57201e-04   +2.24573e-04   -1.57201e-04   +1.42736   -0.61073
  5   0.2000   +2.27045e-05   +1.34744e-04   +2.24573e-04   -1.34744e-04   +1.40386   -0.54042
  6   0.2500   +2.27045e-05   +1.12286e-04   +2.24573e-04   -1.12286e-04   +1.37128   -0.46365
  7   0.3000   +2.27045e-05   +8.98291e-05   +2.24573e-04   -8.98291e-05   +1.32323   -0.38051
  8   0.3500   +2.27045e-05   +6.73718e-05   +2.24573e-04   -6.73718e-05   +1.24575   -0.29146
  9   0.4000   +2.27045e-05   +4.49145e-05   +2.24573e-04   -4.49145e-05   +1.10275   -0.19740
 10   0.4500   +2.27045e-05   +2.24573e-05   +2.24573e-04   -2.24573e-05   +0.77992   -0.09967
 11   0.5000   +2.27045e-05   -2.55494e-16   +2.24573e-04   -1.75741e-16   -0.00000   -0.00000
 12   0.5500   +2.27045e-05   -2.24573e-05   +2.24573e-04   +2.24573e-05   -0.77992   +0.09967
 13   0.6000   +2.27045e-05   -4.49145e-05   +2.24573e-04   +4.49145e-05   -1.10275   +0.19740
 14   0.6500   +2.27045e-05   -6.73718e-05   +2.24573e-04   +6.73718e-05   -1.24575   +0.29146
 15   0.7000   +2.27045e-05   -8.98291e-05   +2.24573e-04   +8.98291e-05   -1.32323   +0.38051
 16   0.7500   +2.27045e-05   -1.12286e-04   +2.24573e-04   +1.12286e-04   -1.37128   +0.46365
 17   0.8000   +2.27045e-05   -1.34744e-04   +2.24573e-04   +1.34744e-04   -1.40386   +0.54042
 18   0.8500   +2.27045e-05   -1.57201e-04   +2.24573e-04   +1.57201e-04   -1.42736   +0.61073
 19   0.9000   +2.27045e-05   -1.79658e-04   +2.24573e-04   +1.79658e-04   -1.44509   +0.67474
 20   0.9500   +2.27045e-05   -2.02115e-04   +2.24573e-04   +2.02115e-04   -1.45893   +0.73282
 21   1.0000   +2.27045e-05   -2.24573e-04   +2.24573e-04   +2.24573e-04   -1.47004   +0.78540
