# TCRW Fig 3(b) exact: |J_Dr|/|J_om| at left wall vs D_r (ω=1, OBC)
# Generated by tcrw_fig3_exact_dump.py — exact authors-Python data
# columns: L   D_r   ratio   |J_Dr|_wall   |J_om|_wall   Jx_w_Dr  Jy_w_Dr  Jx_w_om  Jy_w_om
  4    1.00000e-04    7.28890e-01    2.06038e-05    2.82673e-05   +4.99950e-06   -1.99880e-05   +1.99880e-05   +1.99880e-05
  4    1.46780e-04    7.28900e-01    3.02341e-05    4.14791e-05   +7.33792e-06   -2.93301e-05   +2.93301e-05   +2.93301e-05
  4    2.15443e-04    7.28915e-01    4.43603e-05    6.08579e-05   +1.07699e-05   -4.30330e-05   +4.30330e-05   +4.30330e-05
  4    3.16228e-04    7.28937e-01    6.50746e-05    8.92732e-05   +1.58064e-05   -6.31257e-05   +6.31257e-05   +6.31257e-05
  4    4.64159e-04    7.28969e-01    9.54359e-05    1.30919e-04   +2.31972e-05   -9.25737e-05   +9.25737e-05   +9.25737e-05
  4    6.81292e-04    7.29015e-01    1.39908e-04    1.91913e-04   +3.40414e-05   -1.35703e-04   +1.35703e-04   +1.35703e-04
  4    1.00000e-03    7.29084e-01    2.04984e-04    2.81153e-04   +4.99500e-05   -1.98805e-04   +1.98805e-04   +1.98805e-04
  4    1.46780e-03    7.29185e-01    3.00076e-04    4.11522e-04   +7.32822e-05   -2.90990e-04   +2.90990e-04   +2.90990e-04
  4    2.15443e-03    7.29334e-01    4.38738e-04    6.01559e-04   +1.07490e-04   -4.25367e-04   +4.25367e-04   +4.25367e-04
  4    3.16228e-03    7.29554e-01    6.40313e-04    8.77677e-04   +1.57614e-04   -6.20612e-04   +6.20612e-04   +6.20612e-04
  4    4.64159e-03    7.29880e-01    9.32036e-04    1.27697e-03   +2.31002e-04   -9.02955e-04   +9.02955e-04   +9.02955e-04
  4    6.81292e-03    7.30363e-01    1.35146e-03    1.85039e-03   +3.38325e-04   -1.30842e-03   +1.30842e-03   +1.30842e-03
  4    1.00000e-02    7.31086e-01    1.94872e-03    2.66552e-03   +4.95000e-04   -1.88481e-03   +1.88481e-03   +1.88481e-03
  4    1.46780e-02    7.32174e-01    2.78743e-03    3.80706e-03   +7.23127e-04   -2.69200e-03   +2.69200e-03   +2.69200e-03
  4    2.15443e-02    7.33832e-01    3.94146e-03    5.37106e-03   +1.05401e-03   -3.79791e-03   +3.79791e-03   +3.79791e-03
  4    3.16228e-02    7.36402e-01    5.48304e-03    7.44571e-03   +1.53114e-03   -5.26491e-03   +5.26491e-03   +5.26491e-03
  4    4.64159e-02    7.40481e-01    7.45559e-03    1.00686e-02   +2.21307e-03   -7.11956e-03   +7.11956e-03   +7.11956e-03
  4    6.81292e-02    7.47177e-01    9.82538e-03    1.31500e-02   +3.17438e-03   -9.29846e-03   +9.29846e-03   +9.29846e-03
  4    1.00000e-01    7.58694e-01    1.24156e-02    1.63645e-02   +4.50000e-03   -1.15714e-02   +1.15714e-02   +1.15714e-02
  4    1.46780e-01    7.79827e-01    1.48499e-02    1.90425e-02   +6.26178e-03   -1.34651e-02   +1.34651e-02   +1.34651e-02
  4    2.15443e-01    8.22178e-01    1.65640e-02    2.01465e-02   +8.45138e-03   -1.42457e-02   +1.42457e-02   +1.42457e-02
  4    3.16228e-01    9.18079e-01    1.69511e-02    1.84636e-02   +1.08114e-02   -1.30557e-02   +1.30557e-02   +1.30557e-02
  4    4.64159e-01    1.17820e+00    1.55470e-02    1.31956e-02   +1.24358e-02   -9.33069e-03   +9.33069e-03   +9.33069e-03
  4    6.81292e-01    2.18387e+00    1.14748e-02    5.25434e-03   +1.08567e-02   -3.71538e-03   +3.71538e-03   +3.71538e-03
  4    1.00000e+00            nan    0.00000e+00    0.00000e+00   +0.00000e+00   +0.00000e+00   +0.00000e+00   +0.00000e+00

  9    1.00000e-04    7.11467e-01    2.26139e-05    3.17848e-05   +2.49975e-06   -2.24753e-05   +2.24753e-05   +2.24753e-05
  9    1.46780e-04    7.11471e-01    3.31757e-05    4.66298e-05   +3.66896e-06   -3.29722e-05   +3.29722e-05   +3.29722e-05
  9    2.15443e-04    7.11477e-01    4.86590e-05    6.83915e-05   +5.38493e-06   -4.83601e-05   +4.83601e-05   +4.83601e-05
  9    3.16228e-04    7.11486e-01    7.13436e-05    1.00274e-04   +7.90319e-06   -7.09045e-05   +7.09045e-05   +7.09045e-05
  9    4.64159e-04    7.11499e-01    1.04550e-04    1.46944e-04   +1.15986e-05   -1.03905e-04   +1.03905e-04   +1.03905e-04
  9    6.81292e-04    7.11518e-01    1.53098e-04    2.15171e-04   +1.70207e-05   -1.52149e-04   +1.52149e-04   +1.52149e-04
  9    1.00000e-03    7.11546e-01    2.23944e-04    3.14729e-04   +2.49750e-05   -2.22547e-04   +2.22547e-04   +2.22547e-04
  9    1.46780e-03    7.11587e-01    3.27052e-04    4.59609e-04   +3.66411e-05   -3.24993e-04   +3.24993e-04   +3.24993e-04
  9    2.15443e-03    7.11648e-01    4.76521e-04    6.69603e-04   +5.37448e-05   -4.73481e-04   +4.73481e-04   +4.73481e-04
  9    3.16228e-03    7.11738e-01    6.91957e-04    9.72207e-04   +7.88069e-05   -6.87454e-04   +6.87454e-04   +6.87454e-04
  9    4.64159e-03    7.11872e-01    9.99888e-04    1.40459e-03   +1.15501e-04   -9.93195e-04   +9.93195e-04   +9.93195e-04
  9    6.81292e-03    7.12074e-01    1.43474e-03    2.01488e-03   +1.69163e-04   -1.42473e-03   +1.42473e-03   +1.42473e-03
  9    1.00000e-02    7.12378e-01    2.03822e-03    2.86116e-03   +2.47500e-04   -2.02314e-03   +2.02314e-03   +2.02314e-03
  9    1.46780e-02    7.12846e-01    2.85516e-03    4.00530e-03   +3.61564e-04   -2.83217e-03   +2.83217e-03   +2.83217e-03
  9    2.15443e-02    7.13576e-01    3.92270e-03    5.49725e-03   +5.27005e-04   -3.88714e-03   +3.88714e-03   +3.88714e-03
  9    3.16228e-02    7.14747e-01    5.25012e-03    7.34543e-03   +7.65569e-04   -5.19400e-03   +5.19400e-03   +5.19400e-03
  9    4.64159e-02    7.16690e-01    6.78916e-03    9.47294e-03   +1.10654e-03   -6.69838e-03   +6.69838e-03   +6.69838e-03
  9    6.81292e-02    7.20068e-01    8.40306e-03    1.16698e-02   +1.58719e-03   -8.25181e-03   +8.25181e-03   +8.25181e-03
  9    1.00000e-01    7.26300e-01    9.85246e-03    1.35653e-02   +2.25000e-03   -9.59211e-03   +9.59211e-03   +9.59211e-03
  9    1.46780e-01    7.38701e-01    1.08212e-02    1.46490e-02   +3.13089e-03   -1.03584e-02   +1.03584e-02   +1.03584e-02
  9    2.15443e-01    7.65913e-01    1.09967e-02    1.43576e-02   +4.22569e-03   -1.01523e-02   +1.01523e-02   +1.01523e-02
  9    3.16228e-01    8.33844e-01    1.01998e-02    1.22322e-02   +5.40569e-03   -8.64949e-03   +8.64949e-03   +8.64949e-03
  9    4.64159e-01    1.03744e+00    8.49741e-03    8.19072e-03   +6.21789e-03   -5.79171e-03   +5.79171e-03   +5.79171e-03
  9    6.81292e-01    1.89495e+00    5.85094e-03    3.08765e-03   +5.42833e-03   -2.18330e-03   +2.18330e-03   +2.18330e-03
  9    1.00000e+00            nan    0.00000e+00    0.00000e+00   +0.00000e+00   +0.00000e+00   +0.00000e+00   +0.00000e+00

 19    1.00000e-04    7.08089e-01    2.37332e-05    3.35172e-05   +1.24988e-06   -2.37002e-05   +2.37002e-05   +2.37002e-05
 19    1.46780e-04    7.08091e-01    3.48015e-05    4.91483e-05   +1.83448e-06   -3.47531e-05   +3.47531e-05   +3.47531e-05
 19    2.15443e-04    7.08094e-01    5.10084e-05    7.20362e-05   +2.69246e-06   -5.09373e-05   +5.09373e-05   +5.09373e-05
 19    3.16228e-04    7.08098e-01    7.47129e-05    1.05512e-04   +3.95160e-06   -7.46083e-05   +7.46083e-05   +7.46083e-05
 19    4.64159e-04    7.08104e-01    1.09327e-04    1.54393e-04   +5.79929e-06   -1.09173e-04   +1.09173e-04   +1.09173e-04
 19    6.81292e-04    7.08112e-01    1.59748e-04    2.25598e-04   +8.51035e-06   -1.59522e-04   +1.59522e-04   +1.59522e-04
 19    1.00000e-03    7.08125e-01    2.32941e-04    3.28954e-04   +1.24875e-05   -2.32606e-04   +2.32606e-04   +2.32606e-04
 19    1.46780e-03    7.08144e-01    3.38645e-04    4.78215e-04   +1.83206e-05   -3.38149e-04   +3.38149e-04   +3.38149e-04
 19    2.15443e-03    7.08172e-01    4.90178e-04    6.92174e-04   +2.68724e-05   -4.89441e-04   +4.89441e-04   +4.89441e-04
 19    3.16228e-03    7.08214e-01    7.05102e-04    9.95606e-04   +3.94035e-05   -7.04000e-04   +7.04000e-04   +7.04000e-04
 19    4.64159e-03    7.08276e-01    1.00532e-03    1.41938e-03   +5.77506e-05   -1.00366e-03   +1.00366e-03   +1.00366e-03
 19    6.81292e-03    7.08372e-01    1.41570e-03    1.99852e-03   +8.45813e-05   -1.41317e-03   +1.41317e-03   +1.41317e-03
 19    1.00000e-02    7.08520e-01    1.95999e-03    2.76632e-03   +1.23750e-04   -1.95608e-03   +1.95608e-03   +1.95608e-03
 19    1.46780e-02    7.08755e-01    2.65257e-03    3.74258e-03   +1.80782e-04   -2.64640e-03   +2.64640e-03   +2.64640e-03
 19    2.15443e-02    7.09136e-01    3.48584e-03    4.91561e-03   +2.63502e-04   -3.47586e-03   +3.47586e-03   +3.47586e-03
 19    3.16228e-02    7.09778e-01    4.41616e-03    6.22188e-03   +3.82785e-04   -4.39954e-03   +4.39954e-03   +4.39954e-03
 19    4.64159e-02    7.10911e-01    5.35527e-03    7.53297e-03   +5.53268e-04   -5.32662e-03   +5.32662e-03   +5.32662e-03
 19    6.81292e-02    7.13019e-01    6.17512e-03    8.66052e-03   +7.93595e-04   -6.12391e-03   +6.12391e-03   +6.12391e-03
 19    1.00000e-01    7.17203e-01    6.72834e-03    9.38136e-03   +1.12500e-03   -6.63362e-03   +6.63362e-03   +6.63362e-03
 19    1.46780e-01    7.26162e-01    6.87856e-03    9.47248e-03   +1.56544e-03   -6.69805e-03   +6.69805e-03   +6.69805e-03
 19    2.15443e-01    7.47246e-01    6.53452e-03    8.74481e-03   +2.11284e-03   -6.18352e-03   +6.18352e-03   +6.18352e-03
 19    3.16228e-01    8.03431e-01    5.69293e-03    7.08577e-03   +2.70285e-03   -5.01040e-03   +5.01040e-03   +5.01040e-03
 19    4.64159e-01    9.82384e-01    4.47848e-03    4.55879e-03   +3.10894e-03   -3.22355e-03   +3.22355e-03   +3.22355e-03
 19    6.81292e-01    1.77524e+00    2.95903e-03    1.66684e-03   +2.71416e-03   -1.17863e-03   +1.17863e-03   +1.17863e-03
 19    1.00000e+00            nan    0.00000e+00    0.00000e+00   +0.00000e+00   +0.00000e+00   +0.00000e+00   +0.00000e+00

 49    1.00000e-04    7.07255e-01    2.43808e-05    3.44724e-05   +4.99950e-07   -2.43757e-05   +2.43757e-05   +2.43757e-05
 49    1.46780e-04    7.07256e-01    3.57014e-05    5.04787e-05   +7.33792e-07   -3.56938e-05   +3.56938e-05   +3.56938e-05
 49    2.15443e-04    7.07257e-01    5.22209e-05    7.38357e-05   +1.07699e-06   -5.22097e-05   +5.22097e-05   +5.22097e-05
 49    3.16228e-04    7.07259e-01    7.62618e-05    1.07827e-04   +1.58064e-06   -7.62454e-05   +7.62454e-05   +7.62454e-05
 49    4.64159e-04    7.07261e-01    1.11111e-04    1.57101e-04   +2.31972e-06   -1.11087e-04   +1.11087e-04   +1.11087e-04
 49    6.81292e-04    7.07264e-01    1.61340e-04    2.28119e-04   +3.40414e-06   -1.61304e-04   +1.61304e-04   +1.61304e-04
 49    1.00000e-03    7.07269e-01    2.33142e-04    3.29637e-04   +4.99500e-06   -2.33089e-04   +2.33089e-04   +2.33089e-04
 49    1.46780e-03    7.07276e-01    3.34578e-04    4.73052e-04   +7.32822e-06   -3.34498e-04   +3.34498e-04   +3.34498e-04
 49    2.15443e-03    7.07288e-01    4.75501e-04    6.72289e-04   +1.07490e-05   -4.75380e-04   +4.75380e-04   +4.75380e-04
 49    3.16228e-03    7.07304e-01    6.66765e-04    9.42684e-04   +1.57614e-05   -6.66578e-04   +6.66578e-04   +6.66578e-04
 49    4.64159e-03    7.07331e-01    9.18184e-04    1.29810e-03   +2.31002e-05   -9.17893e-04   +9.17893e-04   +9.17893e-04
 49    6.81292e-03    7.07372e-01    1.23488e-03    1.74572e-03   +3.38325e-05   -1.23441e-03   +1.23441e-03   +1.23441e-03
 49    1.00000e-02    7.07440e-01    1.61233e-03    2.27911e-03   +4.95000e-05   -1.61157e-03   +1.61157e-03   +1.61157e-03
 49    1.46780e-02    7.07555e-01    2.03204e-03    2.87192e-03   +7.23127e-05   -2.03075e-03   +2.03075e-03   +2.03075e-03
 49    2.15443e-02    7.07756e-01    2.46052e-03    3.47650e-03   +1.05401e-04   -2.45826e-03   +2.45826e-03   +2.45826e-03
 49    3.16228e-02    7.08127e-01    2.85380e-03    4.03007e-03   +1.53114e-04   -2.84969e-03   +2.84969e-03   +2.84969e-03
 49    4.64159e-02    7.08841e-01    3.16582e-03    4.46619e-03   +2.21307e-04   -3.15807e-03   +3.15807e-03   +3.15807e-03
 49    6.81292e-02    7.10291e-01    3.35614e-03    4.72501e-03   +3.17438e-04   -3.34109e-03   +3.34109e-03   +3.34109e-03
 49    1.00000e-01    7.13407e-01    3.39353e-03    4.75679e-03   +4.50000e-04   -3.36356e-03   +3.36356e-03   +3.36356e-03
 49    1.46780e-01    7.20554e-01    3.25638e-03    4.51927e-03   +6.26178e-04   -3.19561e-03   +3.19561e-03   +3.19561e-03
 49    2.15443e-01    7.38367e-01    2.93562e-03    3.97583e-03   +8.45138e-04   -2.81134e-03   +2.81134e-03   +2.81134e-03
 49    3.16228e-01    7.88156e-01    2.44771e-03    3.10561e-03   +1.08114e-03   -2.19600e-03   +2.19600e-03   +2.19600e-03
 49    4.64159e-01    9.53357e-01    1.85407e-03    1.94478e-03   +1.24358e-03   -1.37517e-03   +1.37517e-03   +1.37517e-03
 49    6.81292e-01    1.70990e+00    1.19240e-03    6.97353e-04   +1.08567e-03   -4.93103e-04   +4.93103e-04   +4.93103e-04
 49    1.00000e+00            nan    0.00000e+00    0.00000e+00   +0.00000e+00   +0.00000e+00   +0.00000e+00   +0.00000e+00

