# TCRW Fig 3(h)/(i) exact: per-y left-wall current vs ω (L=10, D_r=1e-3)
# Generated by tcrw_fig3_exact_dump.py — exact authors-Python data
# columns: iW  ω  y  Jx_Dr Jy_Dr Jx_om Jy_om |J_Dr| th_Dr |J_om| th_om
  1   0.0000    0   +2.24797e-08   +2.24797e-05   +2.24573e-05   +0.00000e+00    2.24798e-05   +1.56980    2.24573e-05   +0.00000
  1   0.0000    1   +2.24797e-08   +2.24573e-05   +2.24573e-05   -2.24573e-05    2.24573e-05   +1.56980    3.17594e-05   -0.78540
  1   0.0000    2   +2.24797e-08   +2.24573e-05   +2.24573e-05   -2.24573e-05    2.24573e-05   +1.56980    3.17594e-05   -0.78540
  1   0.0000    3   +2.24797e-08   +2.24573e-05   +2.24573e-05   -2.24573e-05    2.24573e-05   +1.56980    3.17594e-05   -0.78540
  1   0.0000    4   +2.24797e-08   +2.24573e-05   +2.24573e-05   -2.24573e-05    2.24573e-05   +1.56980    3.17594e-05   -0.78540
  1   0.0000    5   +2.24797e-08   +2.24573e-05   +2.24573e-05   -2.24573e-05    2.24573e-05   +1.56980    3.17594e-05   -0.78540
  1   0.0000    6   +2.24797e-08   +2.24573e-05   +2.24573e-05   -2.24573e-05    2.24573e-05   +1.56980    3.17594e-05   -0.78540
  1   0.0000    7   +2.24797e-08   +2.24573e-05   +2.24573e-05   -2.24573e-05    2.24573e-05   +1.56980    3.17594e-05   -0.78540
  1   0.0000    8   +2.24797e-08   +2.24573e-05   +2.24573e-05   -2.24573e-05    2.24573e-05   +1.56980    3.17594e-05   -0.78540
  1   0.0000    9   +2.24797e-08   +2.24573e-05   +2.24573e-05   -2.24573e-05    2.24573e-05   +1.56980    3.17594e-05   -0.78540
  1   0.0000   10   +2.24797e-05   -2.24797e-08   +0.00000e+00   -2.24573e-05    2.24798e-05   -0.00100    2.24573e-05   -1.57080

  2   0.0500    0   +1.14534e-06   +2.13569e-05   +2.13344e-05   +1.12286e-06    2.13876e-05   +1.51722    2.13639e-05   +0.05258
  2   0.0500    1   +2.24797e-08   +2.02115e-05   +2.24573e-05   -2.02115e-05    2.02116e-05   +1.56968    3.02132e-05   -0.73282
  2   0.0500    2   +2.24797e-08   +2.02115e-05   +2.24573e-05   -2.02115e-05    2.02116e-05   +1.56968    3.02132e-05   -0.73282
  2   0.0500    3   +2.24797e-08   +2.02115e-05   +2.24573e-05   -2.02115e-05    2.02116e-05   +1.56968    3.02132e-05   -0.73282
  2   0.0500    4   +2.24797e-08   +2.02115e-05   +2.24573e-05   -2.02115e-05    2.02116e-05   +1.56968    3.02132e-05   -0.73282
  2   0.0500    5   +2.24797e-08   +2.02115e-05   +2.24573e-05   -2.02115e-05    2.02116e-05   +1.56968    3.02132e-05   -0.73282
  2   0.0500    6   +2.24797e-08   +2.02115e-05   +2.24573e-05   -2.02115e-05    2.02116e-05   +1.56968    3.02132e-05   -0.73282
  2   0.0500    7   +2.24797e-08   +2.02115e-05   +2.24573e-05   -2.02115e-05    2.02116e-05   +1.56968    3.02132e-05   -0.73282
  2   0.0500    8   +2.24797e-08   +2.02115e-05   +2.24573e-05   -2.02115e-05    2.02116e-05   +1.56968    3.02132e-05   -0.73282
  2   0.0500    9   +2.24797e-08   +2.02115e-05   +2.24573e-05   -2.02115e-05    2.02116e-05   +1.56968    3.02132e-05   -0.73282
  2   0.0500   10   +2.13569e-05   -1.14534e-06   +1.12286e-06   -2.13344e-05    2.13876e-05   -0.05358    2.13639e-05   -1.51821

  3   0.1000    0   +2.26821e-06   +2.02340e-05   +2.02115e-05   +2.24573e-06    2.03608e-05   +1.45916    2.03359e-05   +0.11066
  3   0.1000    1   +2.24797e-08   +1.79658e-05   +2.24573e-05   -1.79658e-05    1.79658e-05   +1.56955    2.87593e-05   -0.67474
  3   0.1000    2   +2.24797e-08   +1.79658e-05   +2.24573e-05   -1.79658e-05    1.79658e-05   +1.56955    2.87593e-05   -0.67474
  3   0.1000    3   +2.24797e-08   +1.79658e-05   +2.24573e-05   -1.79658e-05    1.79658e-05   +1.56955    2.87593e-05   -0.67474
  3   0.1000    4   +2.24797e-08   +1.79658e-05   +2.24573e-05   -1.79658e-05    1.79658e-05   +1.56955    2.87593e-05   -0.67474
  3   0.1000    5   +2.24797e-08   +1.79658e-05   +2.24573e-05   -1.79658e-05    1.79658e-05   +1.56955    2.87593e-05   -0.67474
  3   0.1000    6   +2.24797e-08   +1.79658e-05   +2.24573e-05   -1.79658e-05    1.79658e-05   +1.56955    2.87593e-05   -0.67474
  3   0.1000    7   +2.24797e-08   +1.79658e-05   +2.24573e-05   -1.79658e-05    1.79658e-05   +1.56955    2.87593e-05   -0.67474
  3   0.1000    8   +2.24797e-08   +1.79658e-05   +2.24573e-05   -1.79658e-05    1.79658e-05   +1.56955    2.87593e-05   -0.67474
  3   0.1000    9   +2.24797e-08   +1.79658e-05   +2.24573e-05   -1.79658e-05    1.79658e-05   +1.56955    2.87593e-05   -0.67474
  3   0.1000   10   +2.02340e-05   -2.26821e-06   +2.24573e-06   -2.02115e-05    2.03608e-05   -0.11163    2.03359e-05   -1.46014

  4   0.1500    0   +3.39107e-06   +1.91112e-05   +1.90887e-05   +3.36859e-06    1.94097e-05   +1.39518    1.93836e-05   +0.17467
  4   0.1500    1   +2.24797e-08   +1.57201e-05   +2.24573e-05   -1.57201e-05    1.57201e-05   +1.56937    2.74126e-05   -0.61073
  4   0.1500    2   +2.24797e-08   +1.57201e-05   +2.24573e-05   -1.57201e-05    1.57201e-05   +1.56937    2.74126e-05   -0.61073
  4   0.1500    3   +2.24797e-08   +1.57201e-05   +2.24573e-05   -1.57201e-05    1.57201e-05   +1.56937    2.74126e-05   -0.61073
  4   0.1500    4   +2.24797e-08   +1.57201e-05   +2.24573e-05   -1.57201e-05    1.57201e-05   +1.56937    2.74126e-05   -0.61073
  4   0.1500    5   +2.24797e-08   +1.57201e-05   +2.24573e-05   -1.57201e-05    1.57201e-05   +1.56937    2.74126e-05   -0.61073
  4   0.1500    6   +2.24797e-08   +1.57201e-05   +2.24573e-05   -1.57201e-05    1.57201e-05   +1.56937    2.74126e-05   -0.61073
  4   0.1500    7   +2.24797e-08   +1.57201e-05   +2.24573e-05   -1.57201e-05    1.57201e-05   +1.56937    2.74126e-05   -0.61073
  4   0.1500    8   +2.24797e-08   +1.57201e-05   +2.24573e-05   -1.57201e-05    1.57201e-05   +1.56937    2.74126e-05   -0.61073
  4   0.1500    9   +2.24797e-08   +1.57201e-05   +2.24573e-05   -1.57201e-05    1.57201e-05   +1.56937    2.74126e-05   -0.61073
  4   0.1500   10   +1.91112e-05   -3.39107e-06   +3.36859e-06   -1.90887e-05    1.94097e-05   -0.17561    1.93836e-05   -1.39612

  5   0.2000    0   +4.51393e-06   +1.79883e-05   +1.79658e-05   +4.49145e-06    1.85460e-05   +1.32494    1.85187e-05   +0.24498
  5   0.2000    1   +2.24797e-08   +1.34744e-05   +2.24573e-05   -1.34744e-05    1.34744e-05   +1.56913    2.61895e-05   -0.54042
  5   0.2000    2   +2.24797e-08   +1.34744e-05   +2.24573e-05   -1.34744e-05    1.34744e-05   +1.56913    2.61895e-05   -0.54042
  5   0.2000    3   +2.24797e-08   +1.34744e-05   +2.24573e-05   -1.34744e-05    1.34744e-05   +1.56913    2.61895e-05   -0.54042
  5   0.2000    4   +2.24797e-08   +1.34744e-05   +2.24573e-05   -1.34744e-05    1.34744e-05   +1.56913    2.61895e-05   -0.54042
  5   0.2000    5   +2.24797e-08   +1.34744e-05   +2.24573e-05   -1.34744e-05    1.34744e-05   +1.56913    2.61895e-05   -0.54042
  5   0.2000    6   +2.24797e-08   +1.34744e-05   +2.24573e-05   -1.34744e-05    1.34744e-05   +1.56913    2.61895e-05   -0.54042
  5   0.2000    7   +2.24797e-08   +1.34744e-05   +2.24573e-05   -1.34744e-05    1.34744e-05   +1.56913    2.61895e-05   -0.54042
  5   0.2000    8   +2.24797e-08   +1.34744e-05   +2.24573e-05   -1.34744e-05    1.34744e-05   +1.56913    2.61895e-05   -0.54042
  5   0.2000    9   +2.24797e-08   +1.34744e-05   +2.24573e-05   -1.34744e-05    1.34744e-05   +1.56913    2.61895e-05   -0.54042
  5   0.2000   10   +1.79883e-05   -4.51393e-06   +4.49145e-06   -1.79658e-05    1.85460e-05   -0.24586    1.85187e-05   -1.32582

  6   0.2500    0   +5.63680e-06   +1.68654e-05   +1.68430e-05   +5.61432e-06    1.77825e-05   +1.24825    1.77540e-05   +0.32175
  6   0.2500    1   +2.24797e-08   +1.12286e-05   +2.24573e-05   -1.12286e-05    1.12287e-05   +1.56879    2.51080e-05   -0.46365
  6   0.2500    2   +2.24797e-08   +1.12286e-05   +2.24573e-05   -1.12286e-05    1.12287e-05   +1.56879    2.51080e-05   -0.46365
  6   0.2500    3   +2.24797e-08   +1.12286e-05   +2.24573e-05   -1.12286e-05    1.12287e-05   +1.56879    2.51080e-05   -0.46365
  6   0.2500    4   +2.24797e-08   +1.12286e-05   +2.24573e-05   -1.12286e-05    1.12287e-05   +1.56879    2.51080e-05   -0.46365
  6   0.2500    5   +2.24797e-08   +1.12286e-05   +2.24573e-05   -1.12286e-05    1.12287e-05   +1.56879    2.51080e-05   -0.46365
  6   0.2500    6   +2.24797e-08   +1.12286e-05   +2.24573e-05   -1.12286e-05    1.12287e-05   +1.56879    2.51080e-05   -0.46365
  6   0.2500    7   +2.24797e-08   +1.12286e-05   +2.24573e-05   -1.12286e-05    1.12287e-05   +1.56879    2.51080e-05   -0.46365
  6   0.2500    8   +2.24797e-08   +1.12286e-05   +2.24573e-05   -1.12286e-05    1.12287e-05   +1.56879    2.51080e-05   -0.46365
  6   0.2500    9   +2.24797e-08   +1.12286e-05   +2.24573e-05   -1.12286e-05    1.12287e-05   +1.56879    2.51080e-05   -0.46365
  6   0.2500   10   +1.68654e-05   -5.63680e-06   +5.61432e-06   -1.68430e-05    1.77825e-05   -0.32255    1.77540e-05   -1.24905

  7   0.3000    0   +6.75966e-06   +1.57426e-05   +1.57201e-05   +6.73718e-06    1.71325e-05   +1.16522    1.71029e-05   +0.40489
  7   0.3000    1   +2.24797e-08   +8.98291e-06   +2.24573e-05   -8.98291e-06    8.98294e-06   +1.56829    2.41872e-05   -0.38051
  7   0.3000    2   +2.24797e-08   +8.98291e-06   +2.24573e-05   -8.98291e-06    8.98294e-06   +1.56829    2.41872e-05   -0.38051
  7   0.3000    3   +2.24797e-08   +8.98291e-06   +2.24573e-05   -8.98291e-06    8.98294e-06   +1.56829    2.41872e-05   -0.38051
  7   0.3000    4   +2.24797e-08   +8.98291e-06   +2.24573e-05   -8.98291e-06    8.98294e-06   +1.56829    2.41872e-05   -0.38051
  7   0.3000    5   +2.24797e-08   +8.98291e-06   +2.24573e-05   -8.98291e-06    8.98294e-06   +1.56829    2.41872e-05   -0.38051
  7   0.3000    6   +2.24797e-08   +8.98291e-06   +2.24573e-05   -8.98291e-06    8.98294e-06   +1.56829    2.41872e-05   -0.38051
  7   0.3000    7   +2.24797e-08   +8.98291e-06   +2.24573e-05   -8.98291e-06    8.98294e-06   +1.56829    2.41872e-05   -0.38051
  7   0.3000    8   +2.24797e-08   +8.98291e-06   +2.24573e-05   -8.98291e-06    8.98294e-06   +1.56829    2.41872e-05   -0.38051
  7   0.3000    9   +2.24797e-08   +8.98291e-06   +2.24573e-05   -8.98291e-06    8.98294e-06   +1.56829    2.41872e-05   -0.38051
  7   0.3000   10   +1.57426e-05   -6.75966e-06   +6.73718e-06   -1.57201e-05    1.71325e-05   -0.40558    1.71029e-05   -1.16590

  8   0.3500    0   +7.88252e-06   +1.46197e-05   +1.45972e-05   +7.86004e-06    1.66093e-05   +1.07630    1.65789e-05   +0.49394
  8   0.3500    1   +2.24797e-08   +6.73718e-06   +2.24573e-05   -6.73718e-06    6.73722e-06   +1.56746    2.34461e-05   -0.29146
  8   0.3500    2   +2.24797e-08   +6.73718e-06   +2.24573e-05   -6.73718e-06    6.73722e-06   +1.56746    2.34461e-05   -0.29146
  8   0.3500    3   +2.24797e-08   +6.73718e-06   +2.24573e-05   -6.73718e-06    6.73722e-06   +1.56746    2.34461e-05   -0.29146
  8   0.3500    4   +2.24797e-08   +6.73718e-06   +2.24573e-05   -6.73718e-06    6.73722e-06   +1.56746    2.34461e-05   -0.29146
  8   0.3500    5   +2.24797e-08   +6.73718e-06   +2.24573e-05   -6.73718e-06    6.73722e-06   +1.56746    2.34461e-05   -0.29146
  8   0.3500    6   +2.24797e-08   +6.73718e-06   +2.24573e-05   -6.73718e-06    6.73722e-06   +1.56746    2.34461e-05   -0.29146
  8   0.3500    7   +2.24797e-08   +6.73718e-06   +2.24573e-05   -6.73718e-06    6.73722e-06   +1.56746    2.34461e-05   -0.29146
  8   0.3500    8   +2.24797e-08   +6.73718e-06   +2.24573e-05   -6.73718e-06    6.73722e-06   +1.56746    2.34461e-05   -0.29146
  8   0.3500    9   +2.24797e-08   +6.73718e-06   +2.24573e-05   -6.73718e-06    6.73722e-06   +1.56746    2.34461e-05   -0.29146
  8   0.3500   10   +1.46197e-05   -7.88252e-06   +7.86004e-06   -1.45972e-05    1.66093e-05   -0.49449    1.65789e-05   -1.07685

  9   0.4000    0   +9.00539e-06   +1.34968e-05   +1.34744e-05   +8.98291e-06    1.62253e-05   +0.98241    1.61942e-05   +0.58800
  9   0.4000    1   +2.24797e-08   +4.49145e-06   +2.24573e-05   -4.49145e-06    4.49151e-06   +1.56579    2.29020e-05   -0.19740
  9   0.4000    2   +2.24797e-08   +4.49145e-06   +2.24573e-05   -4.49145e-06    4.49151e-06   +1.56579    2.29020e-05   -0.19740
  9   0.4000    3   +2.24797e-08   +4.49145e-06   +2.24573e-05   -4.49145e-06    4.49151e-06   +1.56579    2.29020e-05   -0.19740
  9   0.4000    4   +2.24797e-08   +4.49145e-06   +2.24573e-05   -4.49145e-06    4.49151e-06   +1.56579    2.29020e-05   -0.19740
  9   0.4000    5   +2.24797e-08   +4.49145e-06   +2.24573e-05   -4.49145e-06    4.49151e-06   +1.56579    2.29020e-05   -0.19740
  9   0.4000    6   +2.24797e-08   +4.49145e-06   +2.24573e-05   -4.49145e-06    4.49151e-06   +1.56579    2.29020e-05   -0.19740
  9   0.4000    7   +2.24797e-08   +4.49145e-06   +2.24573e-05   -4.49145e-06    4.49151e-06   +1.56579    2.29020e-05   -0.19740
  9   0.4000    8   +2.24797e-08   +4.49145e-06   +2.24573e-05   -4.49145e-06    4.49151e-06   +1.56579    2.29020e-05   -0.19740
  9   0.4000    9   +2.24797e-08   +4.49145e-06   +2.24573e-05   -4.49145e-06    4.49151e-06   +1.56579    2.29020e-05   -0.19740
  9   0.4000   10   +1.34968e-05   -9.00539e-06   +8.98291e-06   -1.34744e-05    1.62253e-05   -0.58839    1.61942e-05   -0.98279

 10   0.4500    0   +1.01283e-05   +1.23740e-05   +1.23515e-05   +1.01058e-05    1.59905e-05   +0.88487    1.59589e-05   +0.68573
 10   0.4500    1   +2.24797e-08   +2.24573e-06   +2.24573e-05   -2.24573e-06    2.24584e-06   +1.56079    2.25693e-05   -0.09967
 10   0.4500    2   +2.24797e-08   +2.24573e-06   +2.24573e-05   -2.24573e-06    2.24584e-06   +1.56079    2.25693e-05   -0.09967
 10   0.4500    3   +2.24797e-08   +2.24573e-06   +2.24573e-05   -2.24573e-06    2.24584e-06   +1.56079    2.25693e-05   -0.09967
 10   0.4500    4   +2.24797e-08   +2.24573e-06   +2.24573e-05   -2.24573e-06    2.24584e-06   +1.56079    2.25693e-05   -0.09967
 10   0.4500    5   +2.24797e-08   +2.24573e-06   +2.24573e-05   -2.24573e-06    2.24584e-06   +1.56079    2.25693e-05   -0.09967
 10   0.4500    6   +2.24797e-08   +2.24573e-06   +2.24573e-05   -2.24573e-06    2.24584e-06   +1.56079    2.25693e-05   -0.09967
 10   0.4500    7   +2.24797e-08   +2.24573e-06   +2.24573e-05   -2.24573e-06    2.24584e-06   +1.56079    2.25693e-05   -0.09967
 10   0.4500    8   +2.24797e-08   +2.24573e-06   +2.24573e-05   -2.24573e-06    2.24584e-06   +1.56079    2.25693e-05   -0.09967
 10   0.4500    9   +2.24797e-08   +2.24573e-06   +2.24573e-05   -2.24573e-06    2.24584e-06   +1.56079    2.25693e-05   -0.09967
 10   0.4500   10   +1.23740e-05   -1.01283e-05   +1.01058e-05   -1.23515e-05    1.59905e-05   -0.68593    1.59589e-05   -0.88507

 11   0.5000    0   +1.12511e-05   +1.12511e-05   +1.12286e-05   +1.12286e-05    1.59115e-05   +0.78540    1.58797e-05   +0.78540
 11   0.5000    1   +2.24797e-08   -5.91398e-18   +2.24573e-05   -5.90213e-18    2.24797e-08   -0.00000    2.24573e-05   -0.00000
 11   0.5000    2   +2.24797e-08   +3.15435e-18   +2.24573e-05   +3.14757e-18    2.24797e-08   +0.00000    2.24573e-05   +0.00000
 11   0.5000    3   +2.24797e-08   +2.07015e-18   +2.24573e-05   +2.06676e-18    2.24797e-08   +0.00000    2.24573e-05   +0.00000
 11   0.5000    4   +2.24797e-08   -1.31036e-17   +2.24573e-05   -1.30765e-17    2.24797e-08   -0.00000    2.24573e-05   -0.00000
 11   0.5000    5   +2.24797e-08   +8.87013e-18   +2.24573e-05   +8.85319e-18    2.24797e-08   +0.00000    2.24573e-05   +0.00000
 11   0.5000    6   +2.24797e-08   +3.44912e-18   +2.24573e-05   +3.44234e-18    2.24797e-08   +0.00000    2.24573e-05   +0.00000
 11   0.5000    7   +2.24797e-08   -6.79829e-18   +2.24573e-05   -6.78473e-18    2.24797e-08   -0.00000    2.24573e-05   -0.00000
 11   0.5000    8   +2.24797e-08   +3.34917e-18   +2.24573e-05   +3.34409e-18    2.24797e-08   +0.00000    2.24573e-05   +0.00000
 11   0.5000    9   +2.24797e-08   +5.91229e-18   +2.24573e-05   +5.90213e-18    2.24797e-08   +0.00000    2.24573e-05   +0.00000
 11   0.5000   10   +1.12511e-05   -1.12511e-05   +1.12286e-05   -1.12286e-05    1.59115e-05   -0.78540    1.58797e-05   -0.78540

 12   0.5500    0   +1.23740e-05   +1.01283e-05   +1.01058e-05   +1.23515e-05    1.59905e-05   +0.68593    1.59589e-05   +0.88507
 12   0.5500    1   +2.24797e-08   -2.24573e-06   +2.24573e-05   +2.24573e-06    2.24584e-06   -1.56079    2.25693e-05   +0.09967
 12   0.5500    2   +2.24797e-08   -2.24573e-06   +2.24573e-05   +2.24573e-06    2.24584e-06   -1.56079    2.25693e-05   +0.09967
 12   0.5500    3   +2.24797e-08   -2.24573e-06   +2.24573e-05   +2.24573e-06    2.24584e-06   -1.56079    2.25693e-05   +0.09967
 12   0.5500    4   +2.24797e-08   -2.24573e-06   +2.24573e-05   +2.24573e-06    2.24584e-06   -1.56079    2.25693e-05   +0.09967
 12   0.5500    5   +2.24797e-08   -2.24573e-06   +2.24573e-05   +2.24573e-06    2.24584e-06   -1.56079    2.25693e-05   +0.09967
 12   0.5500    6   +2.24797e-08   -2.24573e-06   +2.24573e-05   +2.24573e-06    2.24584e-06   -1.56079    2.25693e-05   +0.09967
 12   0.5500    7   +2.24797e-08   -2.24573e-06   +2.24573e-05   +2.24573e-06    2.24584e-06   -1.56079    2.25693e-05   +0.09967
 12   0.5500    8   +2.24797e-08   -2.24573e-06   +2.24573e-05   +2.24573e-06    2.24584e-06   -1.56079    2.25693e-05   +0.09967
 12   0.5500    9   +2.24797e-08   -2.24573e-06   +2.24573e-05   +2.24573e-06    2.24584e-06   -1.56079    2.25693e-05   +0.09967
 12   0.5500   10   +1.01283e-05   -1.23740e-05   +1.23515e-05   -1.01058e-05    1.59905e-05   -0.88487    1.59589e-05   -0.68573

 13   0.6000    0   +1.34968e-05   +9.00539e-06   +8.98291e-06   +1.34744e-05    1.62253e-05   +0.58839    1.61942e-05   +0.98279
 13   0.6000    1   +2.24797e-08   -4.49145e-06   +2.24573e-05   +4.49145e-06    4.49151e-06   -1.56579    2.29020e-05   +0.19740
 13   0.6000    2   +2.24797e-08   -4.49145e-06   +2.24573e-05   +4.49145e-06    4.49151e-06   -1.56579    2.29020e-05   +0.19740
 13   0.6000    3   +2.24797e-08   -4.49145e-06   +2.24573e-05   +4.49145e-06    4.49151e-06   -1.56579    2.29020e-05   +0.19740
 13   0.6000    4   +2.24797e-08   -4.49145e-06   +2.24573e-05   +4.49145e-06    4.49151e-06   -1.56579    2.29020e-05   +0.19740
 13   0.6000    5   +2.24797e-08   -4.49145e-06   +2.24573e-05   +4.49145e-06    4.49151e-06   -1.56579    2.29020e-05   +0.19740
 13   0.6000    6   +2.24797e-08   -4.49145e-06   +2.24573e-05   +4.49145e-06    4.49151e-06   -1.56579    2.29020e-05   +0.19740
 13   0.6000    7   +2.24797e-08   -4.49145e-06   +2.24573e-05   +4.49145e-06    4.49151e-06   -1.56579    2.29020e-05   +0.19740
 13   0.6000    8   +2.24797e-08   -4.49145e-06   +2.24573e-05   +4.49145e-06    4.49151e-06   -1.56579    2.29020e-05   +0.19740
 13   0.6000    9   +2.24797e-08   -4.49145e-06   +2.24573e-05   +4.49145e-06    4.49151e-06   -1.56579    2.29020e-05   +0.19740
 13   0.6000   10   +9.00539e-06   -1.34968e-05   +1.34744e-05   -8.98291e-06    1.62253e-05   -0.98241    1.61942e-05   -0.58800

 14   0.6500    0   +1.46197e-05   +7.88252e-06   +7.86004e-06   +1.45972e-05    1.66093e-05   +0.49449    1.65789e-05   +1.07685
 14   0.6500    1   +2.24797e-08   -6.73718e-06   +2.24573e-05   +6.73718e-06    6.73722e-06   -1.56746    2.34461e-05   +0.29146
 14   0.6500    2   +2.24797e-08   -6.73718e-06   +2.24573e-05   +6.73718e-06    6.73722e-06   -1.56746    2.34461e-05   +0.29146
 14   0.6500    3   +2.24797e-08   -6.73718e-06   +2.24573e-05   +6.73718e-06    6.73722e-06   -1.56746    2.34461e-05   +0.29146
 14   0.6500    4   +2.24797e-08   -6.73718e-06   +2.24573e-05   +6.73718e-06    6.73722e-06   -1.56746    2.34461e-05   +0.29146
 14   0.6500    5   +2.24797e-08   -6.73718e-06   +2.24573e-05   +6.73718e-06    6.73722e-06   -1.56746    2.34461e-05   +0.29146
 14   0.6500    6   +2.24797e-08   -6.73718e-06   +2.24573e-05   +6.73718e-06    6.73722e-06   -1.56746    2.34461e-05   +0.29146
 14   0.6500    7   +2.24797e-08   -6.73718e-06   +2.24573e-05   +6.73718e-06    6.73722e-06   -1.56746    2.34461e-05   +0.29146
 14   0.6500    8   +2.24797e-08   -6.73718e-06   +2.24573e-05   +6.73718e-06    6.73722e-06   -1.56746    2.34461e-05   +0.29146
 14   0.6500    9   +2.24797e-08   -6.73718e-06   +2.24573e-05   +6.73718e-06    6.73722e-06   -1.56746    2.34461e-05   +0.29146
 14   0.6500   10   +7.88252e-06   -1.46197e-05   +1.45972e-05   -7.86004e-06    1.66093e-05   -1.07630    1.65789e-05   -0.49394

 15   0.7000    0   +1.57426e-05   +6.75966e-06   +6.73718e-06   +1.57201e-05    1.71325e-05   +0.40558    1.71029e-05   +1.16590
 15   0.7000    1   +2.24797e-08   -8.98291e-06   +2.24573e-05   +8.98291e-06    8.98294e-06   -1.56829    2.41872e-05   +0.38051
 15   0.7000    2   +2.24797e-08   -8.98291e-06   +2.24573e-05   +8.98291e-06    8.98294e-06   -1.56829    2.41872e-05   +0.38051
 15   0.7000    3   +2.24797e-08   -8.98291e-06   +2.24573e-05   +8.98291e-06    8.98294e-06   -1.56829    2.41872e-05   +0.38051
 15   0.7000    4   +2.24797e-08   -8.98291e-06   +2.24573e-05   +8.98291e-06    8.98294e-06   -1.56829    2.41872e-05   +0.38051
 15   0.7000    5   +2.24797e-08   -8.98291e-06   +2.24573e-05   +8.98291e-06    8.98294e-06   -1.56829    2.41872e-05   +0.38051
 15   0.7000    6   +2.24797e-08   -8.98291e-06   +2.24573e-05   +8.98291e-06    8.98294e-06   -1.56829    2.41872e-05   +0.38051
 15   0.7000    7   +2.24797e-08   -8.98291e-06   +2.24573e-05   +8.98291e-06    8.98294e-06   -1.56829    2.41872e-05   +0.38051
 15   0.7000    8   +2.24797e-08   -8.98291e-06   +2.24573e-05   +8.98291e-06    8.98294e-06   -1.56829    2.41872e-05   +0.38051
 15   0.7000    9   +2.24797e-08   -8.98291e-06   +2.24573e-05   +8.98291e-06    8.98294e-06   -1.56829    2.41872e-05   +0.38051
 15   0.7000   10   +6.75966e-06   -1.57426e-05   +1.57201e-05   -6.73718e-06    1.71325e-05   -1.16522    1.71029e-05   -0.40489

 16   0.7500    0   +1.68654e-05   +5.63680e-06   +5.61432e-06   +1.68430e-05    1.77825e-05   +0.32255    1.77540e-05   +1.24905
 16   0.7500    1   +2.24797e-08   -1.12286e-05   +2.24573e-05   +1.12286e-05    1.12287e-05   -1.56879    2.51080e-05   +0.46365
 16   0.7500    2   +2.24797e-08   -1.12286e-05   +2.24573e-05   +1.12286e-05    1.12287e-05   -1.56879    2.51080e-05   +0.46365
 16   0.7500    3   +2.24797e-08   -1.12286e-05   +2.24573e-05   +1.12286e-05    1.12287e-05   -1.56879    2.51080e-05   +0.46365
 16   0.7500    4   +2.24797e-08   -1.12286e-05   +2.24573e-05   +1.12286e-05    1.12287e-05   -1.56879    2.51080e-05   +0.46365
 16   0.7500    5   +2.24797e-08   -1.12286e-05   +2.24573e-05   +1.12286e-05    1.12287e-05   -1.56879    2.51080e-05   +0.46365
 16   0.7500    6   +2.24797e-08   -1.12286e-05   +2.24573e-05   +1.12286e-05    1.12287e-05   -1.56879    2.51080e-05   +0.46365
 16   0.7500    7   +2.24797e-08   -1.12286e-05   +2.24573e-05   +1.12286e-05    1.12287e-05   -1.56879    2.51080e-05   +0.46365
 16   0.7500    8   +2.24797e-08   -1.12286e-05   +2.24573e-05   +1.12286e-05    1.12287e-05   -1.56879    2.51080e-05   +0.46365
 16   0.7500    9   +2.24797e-08   -1.12286e-05   +2.24573e-05   +1.12286e-05    1.12287e-05   -1.56879    2.51080e-05   +0.46365
 16   0.7500   10   +5.63680e-06   -1.68654e-05   +1.68430e-05   -5.61432e-06    1.77825e-05   -1.24825    1.77540e-05   -0.32175

 17   0.8000    0   +1.79883e-05   +4.51393e-06   +4.49145e-06   +1.79658e-05    1.85460e-05   +0.24586    1.85187e-05   +1.32582
 17   0.8000    1   +2.24797e-08   -1.34744e-05   +2.24573e-05   +1.34744e-05    1.34744e-05   -1.56913    2.61895e-05   +0.54042
 17   0.8000    2   +2.24797e-08   -1.34744e-05   +2.24573e-05   +1.34744e-05    1.34744e-05   -1.56913    2.61895e-05   +0.54042
 17   0.8000    3   +2.24797e-08   -1.34744e-05   +2.24573e-05   +1.34744e-05    1.34744e-05   -1.56913    2.61895e-05   +0.54042
 17   0.8000    4   +2.24797e-08   -1.34744e-05   +2.24573e-05   +1.34744e-05    1.34744e-05   -1.56913    2.61895e-05   +0.54042
 17   0.8000    5   +2.24797e-08   -1.34744e-05   +2.24573e-05   +1.34744e-05    1.34744e-05   -1.56913    2.61895e-05   +0.54042
 17   0.8000    6   +2.24797e-08   -1.34744e-05   +2.24573e-05   +1.34744e-05    1.34744e-05   -1.56913    2.61895e-05   +0.54042
 17   0.8000    7   +2.24797e-08   -1.34744e-05   +2.24573e-05   +1.34744e-05    1.34744e-05   -1.56913    2.61895e-05   +0.54042
 17   0.8000    8   +2.24797e-08   -1.34744e-05   +2.24573e-05   +1.34744e-05    1.34744e-05   -1.56913    2.61895e-05   +0.54042
 17   0.8000    9   +2.24797e-08   -1.34744e-05   +2.24573e-05   +1.34744e-05    1.34744e-05   -1.56913    2.61895e-05   +0.54042
 17   0.8000   10   +4.51393e-06   -1.79883e-05   +1.79658e-05   -4.49145e-06    1.85460e-05   -1.32494    1.85187e-05   -0.24498

 18   0.8500    0   +1.91112e-05   +3.39107e-06   +3.36859e-06   +1.90887e-05    1.94097e-05   +0.17561    1.93836e-05   +1.39612
 18   0.8500    1   +2.24797e-08   -1.57201e-05   +2.24573e-05   +1.57201e-05    1.57201e-05   -1.56937    2.74126e-05   +0.61073
 18   0.8500    2   +2.24797e-08   -1.57201e-05   +2.24573e-05   +1.57201e-05    1.57201e-05   -1.56937    2.74126e-05   +0.61073
 18   0.8500    3   +2.24797e-08   -1.57201e-05   +2.24573e-05   +1.57201e-05    1.57201e-05   -1.56937    2.74126e-05   +0.61073
 18   0.8500    4   +2.24797e-08   -1.57201e-05   +2.24573e-05   +1.57201e-05    1.57201e-05   -1.56937    2.74126e-05   +0.61073
 18   0.8500    5   +2.24797e-08   -1.57201e-05   +2.24573e-05   +1.57201e-05    1.57201e-05   -1.56937    2.74126e-05   +0.61073
 18   0.8500    6   +2.24797e-08   -1.57201e-05   +2.24573e-05   +1.57201e-05    1.57201e-05   -1.56937    2.74126e-05   +0.61073
 18   0.8500    7   +2.24797e-08   -1.57201e-05   +2.24573e-05   +1.57201e-05    1.57201e-05   -1.56937    2.74126e-05   +0.61073
 18   0.8500    8   +2.24797e-08   -1.57201e-05   +2.24573e-05   +1.57201e-05    1.57201e-05   -1.56937    2.74126e-05   +0.61073
 18   0.8500    9   +2.24797e-08   -1.57201e-05   +2.24573e-05   +1.57201e-05    1.57201e-05   -1.56937    2.74126e-05   +0.61073
 18   0.8500   10   +3.39107e-06   -1.91112e-05   +1.90887e-05   -3.36859e-06    1.94097e-05   -1.39518    1.93836e-05   -0.17467

 19   0.9000    0   +2.02340e-05   +2.26821e-06   +2.24573e-06   +2.02115e-05    2.03608e-05   +0.11163    2.03359e-05   +1.46014
 19   0.9000    1   +2.24797e-08   -1.79658e-05   +2.24573e-05   +1.79658e-05    1.79658e-05   -1.56955    2.87593e-05   +0.67474
 19   0.9000    2   +2.24797e-08   -1.79658e-05   +2.24573e-05   +1.79658e-05    1.79658e-05   -1.56955    2.87593e-05   +0.67474
 19   0.9000    3   +2.24797e-08   -1.79658e-05   +2.24573e-05   +1.79658e-05    1.79658e-05   -1.56955    2.87593e-05   +0.67474
 19   0.9000    4   +2.24797e-08   -1.79658e-05   +2.24573e-05   +1.79658e-05    1.79658e-05   -1.56955    2.87593e-05   +0.67474
 19   0.9000    5   +2.24797e-08   -1.79658e-05   +2.24573e-05   +1.79658e-05    1.79658e-05   -1.56955    2.87593e-05   +0.67474
 19   0.9000    6   +2.24797e-08   -1.79658e-05   +2.24573e-05   +1.79658e-05    1.79658e-05   -1.56955    2.87593e-05   +0.67474
 19   0.9000    7   +2.24797e-08   -1.79658e-05   +2.24573e-05   +1.79658e-05    1.79658e-05   -1.56955    2.87593e-05   +0.67474
 19   0.9000    8   +2.24797e-08   -1.79658e-05   +2.24573e-05   +1.79658e-05    1.79658e-05   -1.56955    2.87593e-05   +0.67474
 19   0.9000    9   +2.24797e-08   -1.79658e-05   +2.24573e-05   +1.79658e-05    1.79658e-05   -1.56955    2.87593e-05   +0.67474
 19   0.9000   10   +2.26821e-06   -2.02340e-05   +2.02115e-05   -2.24573e-06    2.03608e-05   -1.45916    2.03359e-05   -0.11066

 20   0.9500    0   +2.13569e-05   +1.14534e-06   +1.12286e-06   +2.13344e-05    2.13876e-05   +0.05358    2.13639e-05   +1.51821
 20   0.9500    1   +2.24797e-08   -2.02115e-05   +2.24573e-05   +2.02115e-05    2.02116e-05   -1.56968    3.02132e-05   +0.73282
 20   0.9500    2   +2.24797e-08   -2.02115e-05   +2.24573e-05   +2.02115e-05    2.02116e-05   -1.56968    3.02132e-05   +0.73282
 20   0.9500    3   +2.24797e-08   -2.02115e-05   +2.24573e-05   +2.02115e-05    2.02116e-05   -1.56968    3.02132e-05   +0.73282
 20   0.9500    4   +2.24797e-08   -2.02115e-05   +2.24573e-05   +2.02115e-05    2.02116e-05   -1.56968    3.02132e-05   +0.73282
 20   0.9500    5   +2.24797e-08   -2.02115e-05   +2.24573e-05   +2.02115e-05    2.02116e-05   -1.56968    3.02132e-05   +0.73282
 20   0.9500    6   +2.24797e-08   -2.02115e-05   +2.24573e-05   +2.02115e-05    2.02116e-05   -1.56968    3.02132e-05   +0.73282
 20   0.9500    7   +2.24797e-08   -2.02115e-05   +2.24573e-05   +2.02115e-05    2.02116e-05   -1.56968    3.02132e-05   +0.73282
 20   0.9500    8   +2.24797e-08   -2.02115e-05   +2.24573e-05   +2.02115e-05    2.02116e-05   -1.56968    3.02132e-05   +0.73282
 20   0.9500    9   +2.24797e-08   -2.02115e-05   +2.24573e-05   +2.02115e-05    2.02116e-05   -1.56968    3.02132e-05   +0.73282
 20   0.9500   10   +1.14534e-06   -2.13569e-05   +2.13344e-05   -1.12286e-06    2.13876e-05   -1.51722    2.13639e-05   -0.05258

 21   1.0000    0   +2.24797e-05   +2.24797e-08   +0.00000e+00   +2.24573e-05    2.24798e-05   +0.00100    2.24573e-05   +1.57080
 21   1.0000    1   +2.24797e-08   -2.24573e-05   +2.24573e-05   +2.24573e-05    2.24573e-05   -1.56980    3.17594e-05   +0.78540
 21   1.0000    2   +2.24797e-08   -2.24573e-05   +2.24573e-05   +2.24573e-05    2.24573e-05   -1.56980    3.17594e-05   +0.78540
 21   1.0000    3   +2.24797e-08   -2.24573e-05   +2.24573e-05   +2.24573e-05    2.24573e-05   -1.56980    3.17594e-05   +0.78540
 21   1.0000    4   +2.24797e-08   -2.24573e-05   +2.24573e-05   +2.24573e-05    2.24573e-05   -1.56980    3.17594e-05   +0.78540
 21   1.0000    5   +2.24797e-08   -2.24573e-05   +2.24573e-05   +2.24573e-05    2.24573e-05   -1.56980    3.17594e-05   +0.78540
 21   1.0000    6   +2.24797e-08   -2.24573e-05   +2.24573e-05   +2.24573e-05    2.24573e-05   -1.56980    3.17594e-05   +0.78540
 21   1.0000    7   +2.24797e-08   -2.24573e-05   +2.24573e-05   +2.24573e-05    2.24573e-05   -1.56980    3.17594e-05   +0.78540
 21   1.0000    8   +2.24797e-08   -2.24573e-05   +2.24573e-05   +2.24573e-05    2.24573e-05   -1.56980    3.17594e-05   +0.78540
 21   1.0000    9   +2.24797e-08   -2.24573e-05   +2.24573e-05   +2.24573e-05    2.24573e-05   -1.56980    3.17594e-05   +0.78540
 21   1.0000   10   +2.24797e-08   -2.24797e-05   +2.24573e-05   +0.00000e+00    2.24798e-05   -1.56980    2.24573e-05   +0.00000

