# TCRW Fig 3(a) exact: P_edge/P_bulk vs D_r (ω=1, OBC)
# Generated by tcrw_fig3_exact_dump.py — exact authors-Python data
# columns: L   D_r   ratio   P_edge_norm   P_bulk_norm   n_edge   n_bulk
  4    1.00000e-04    3.12569e+03    6.24888e-02    1.99920e-05        16           9
  4    1.46780e-04    2.12973e+03    6.24835e-02    2.93388e-05        16           9
  4    2.15443e-04    1.45118e+03    6.24758e-02    4.30516e-05        16           9
  4    3.16228e-04    9.88899e+02    6.24645e-02    6.31657e-05        16           9
  4    4.64159e-04    6.73948e+02    6.24479e-02    9.26597e-05        16           9
  4    6.81292e-04    4.59375e+02    6.24236e-02    1.35888e-04        16           9
  4    1.00000e-03    3.13187e+02    6.23879e-02    1.99203e-04        16           9
  4    1.46780e-03    2.13591e+02    6.23358e-02    2.91846e-04        16           9
  4    2.15443e-03    1.45737e+02    6.22597e-02    4.27205e-04        16           9
  4    3.16228e-03    9.95087e+01    6.21487e-02    6.24555e-04        16           9
  4    4.64159e-03    6.80136e+01    6.19873e-02    9.11396e-04        16           9
  4    6.81292e-03    4.65562e+01    6.17539e-02    1.32644e-03        16           9
  4    1.00000e-02    3.19375e+01    6.14183e-02    1.92308e-03        16           9
  4    1.46780e-02    2.19779e+01    6.09403e-02    2.77280e-03        16           9
  4    2.15443e-02    1.51925e+01    6.02686e-02    3.96700e-03        16           9
  4    3.16228e-02    1.05696e+01    5.93419e-02    5.61439e-03        16           9
  4    4.64159e-02    7.42011e+00    5.80959e-02    7.82952e-03        16           9
  4    6.81292e-02    5.27437e+00    5.64769e-02    1.07078e-02        16           9
  4    1.00000e-01    3.81250e+00    5.44643e-02    1.42857e-02        16           9
  4    1.46780e-01    2.81654e+00    5.20958e-02    1.84964e-02        16           9
  4    2.15443e-01    2.13800e+00    4.94816e-02    2.31439e-02        16           9
  4    3.16228e-01    1.67571e+00    4.67927e-02    2.79241e-02        16           9
  4    4.64159e-01    1.36076e+00    4.42205e-02    3.24969e-02        16           9
  4    6.81292e-01    1.14619e+00    4.19250e-02    3.65778e-02        16           9
  4    1.00000e+00            nan    6.25000e-02    0.00000e+00        16           9

  9    1.00000e-04    2.77850e+03    2.77600e-02    9.99101e-06        36          64
  9    1.46780e-04    1.89320e+03    2.77517e-02    1.46586e-05        36          64
  9    2.15443e-04    1.29005e+03    2.77396e-02    2.15027e-05        36          64
  9    3.16228e-04    8.79133e+02    2.77217e-02    3.15330e-05        36          64
  9    4.64159e-04    5.99176e+02    2.76956e-02    4.62228e-05        36          64
  9    6.81292e-04    4.08444e+02    2.76574e-02    6.77140e-05        36          64
  9    1.00000e-03    2.78500e+02    2.76016e-02    9.91080e-05        36          64
  9    1.46780e-03    1.89970e+02    2.75202e-02    1.44866e-04        36          64
  9    2.15443e-03    1.29655e+02    2.74021e-02    2.11345e-04        36          64
  9    3.16228e-03    8.85633e+01    2.72312e-02    3.07477e-04        36          64
  9    4.64159e-03    6.05676e+01    2.69857e-02    4.45546e-04        36          64
  9    6.81292e-03    4.14944e+01    2.66366e-02    6.41931e-04        36          64
  9    1.00000e-02    2.85000e+01    2.61468e-02    9.17431e-04        36          64
  9    1.46780e-02    1.96470e+01    2.54728e-02    1.29653e-03        36          64
  9    2.15443e-02    1.36155e+01    2.45697e-02    1.80454e-03        36          64
  9    3.16228e-02    9.50633e+00    2.34015e-02    2.46167e-03        36          64
  9    4.64159e-02    6.70676e+00    2.19575e-02    3.27393e-03        36          64
  9    6.81292e-02    4.79944e+00    2.02696e-02    4.22333e-03        36          64
  9    1.00000e-01    3.50000e+00    1.84211e-02    5.26316e-03        36          64
  9    1.46780e-01    2.61470e+00    1.65352e-02    6.32394e-03        36          64
  9    2.15443e-01    2.01155e+00    1.47457e-02    7.33052e-03        36          64
  9    3.16228e-01    1.60063e+00    1.31606e-02    8.22214e-03        36          64
  9    4.64159e-01    1.32068e+00    1.18399e-02    8.96504e-03        36          64
  9    6.81292e-01    1.12994e+00    1.07945e-02    9.55311e-03        36          64
  9    1.00000e+00            nan    2.77778e-02    0.00000e+00        36          64

 19    1.00000e-04    2.63232e+03    1.31366e-02    4.99052e-06        76         324
 19    1.46780e-04    1.79361e+03    1.31267e-02    7.31859e-06        76         324
 19    2.15443e-04    1.22221e+03    1.31122e-02    1.07283e-05        76         324
 19    3.16228e-04    8.32915e+02    1.30909e-02    1.57170e-05        76         324
 19    4.64159e-04    5.67693e+02    1.30598e-02    2.30051e-05        76         324
 19    6.81292e-04    3.87000e+02    1.30145e-02    3.36293e-05        76         324
 19    1.00000e-03    2.63895e+02    1.29487e-02    4.90677e-05        76         324
 19    1.46780e-03    1.80024e+02    1.28535e-02    7.13988e-05        76         324
 19    2.15443e-03    1.22884e+02    1.27167e-02    1.03486e-04        76         324
 19    3.16228e-03    8.39547e+01    1.25220e-02    1.49152e-04        76         324
 19    4.64159e-03    5.74325e+01    1.22487e-02    2.13271e-04        76         324
 19    6.81292e-03    3.93631e+01    1.18721e-02    3.01605e-04        76         324
 19    1.00000e-02    2.70526e+01    1.13667e-02    4.20168e-04        76         324
 19    1.46780e-02    1.86656e+01    1.07114e-02    5.73860e-04        76         324
 19    2.15443e-02    1.29515e+01    9.89939e-03    7.64340e-04        76         324
 19    3.16228e-02    9.05863e+00    8.94718e-03    9.87698e-04        76         324
 19    4.64159e-02    6.40641e+00    7.90049e-03    1.23322e-03        76         324
 19    6.81292e-02    4.59947e+00    6.82860e-03    1.48465e-03        76         324
 19    1.00000e-01    3.36842e+00    5.80762e-03    1.72414e-03        76         324
 19    1.46780e-01    2.52972e+00    4.90010e-03    1.93701e-03        76         324
 19    2.15443e-01    1.95831e+00    4.14167e-03    2.11492e-03        76         324
 19    3.16228e-01    1.56902e+00    3.53984e-03    2.25609e-03        76         324
 19    4.64159e-01    1.30380e+00    3.08162e-03    2.36357e-03        76         324
 19    6.81292e-01    1.12311e+00    2.74359e-03    2.44286e-03        76         324
 19    1.00000e+00    5.13449e-01    1.41437e-03    2.75465e-03        76         324

 49    1.00000e-04    2.55177e+03    5.07865e-03    1.99025e-06       196        2304
 49    1.46780e-04    1.73873e+03    5.06778e-03    2.91464e-06       196        2304
 49    2.15443e-04    1.18482e+03    5.05192e-03    4.26386e-06       196        2304
 49    3.16228e-04    8.07448e+02    5.02883e-03    6.22805e-06       196        2304
 49    4.64159e-04    5.50346e+02    4.99534e-03    9.07674e-06       196        2304
 49    6.81292e-04    3.75183e+02    4.94704e-03    1.31857e-05       196        2304
 49    1.00000e-03    2.55847e+02    4.87792e-03    1.90658e-05       196        2304
 49    1.46780e-03    1.74544e+02    4.78011e-03    2.73863e-05       196        2304
 49    2.15443e-03    1.19153e+02    4.64389e-03    3.89743e-05       196        2304
 49    3.16228e-03    8.14152e+01    4.45833e-03    5.47603e-05       196        2304
 49    4.64159e-03    5.57050e+01    4.21300e-03    7.56305e-05       196        2304
 49    6.81292e-03    3.81888e+01    3.90119e-03    1.02156e-04       196        2304
 49    1.00000e-02    2.62551e+01    3.52417e-03    1.34228e-04       196        2304
 49    1.46780e-02    1.81248e+01    3.09484e-03    1.70752e-04       196        2304
 49    2.15443e-02    1.25857e+01    2.63807e-03    2.09609e-04       196        2304
 49    3.16228e-02    8.81193e+00    2.18597e-03    2.48069e-04       196        2304
 49    4.64159e-02    6.24090e+00    1.76936e-03    2.83510e-04       196        2304
 49    6.81292e-02    4.48928e+00    1.41000e-03    3.14080e-04       196        2304
 49    1.00000e-01    3.29592e+00    1.11726e-03    3.38983e-04       196        2304
 49    1.46780e-01    2.48289e+00    8.89718e-04    3.58340e-04       196        2304
 49    2.15443e-01    1.92898e+00    7.19209e-04    3.72845e-04       196        2304
 49    3.16228e-01    1.55160e+00    5.94913e-04    3.83419e-04       196        2304
 49    4.64159e-01    1.29450e+00    5.06114e-04    3.90973e-04       196        2304
 49    6.81292e-01    1.11934e+00    4.43584e-04    3.96292e-04       196        2304
 49    1.00000e+00    8.13063e-01    3.30062e-04    4.05950e-04       196        2304

