# TCRW Fig 3(e) exact: total wall angles vs D_r (L=10, ω=1)
# Generated by tcrw_fig3_exact_dump.py — exact authors-Python data
# columns: iD  D_r  Jx_Dr_tot Jy_Dr_tot Jx_om_tot Jy_om_tot th_Dr_tot th_om_tot
  1    1.00000e-04   +2.27250e-06   -2.27000e-05   +2.27000e-05   +2.27000e-05   -1.47102   +0.78540
  2    1.46780e-04   +3.33542e-06   -3.33004e-05   +3.33004e-05   +3.33004e-05   -1.47097   +0.78540
  3    2.15443e-04   +4.89539e-06   -4.88381e-05   +4.88381e-05   +4.88381e-05   -1.47089   +0.78540
  4    3.16228e-04   +7.18472e-06   -7.15981e-05   +7.15981e-05   +7.15981e-05   -1.47078   +0.78540
  5    4.64159e-04   +1.05442e-05   -1.04906e-04   +1.04906e-04   +1.04906e-04   -1.47062   +0.78540
  6    6.81292e-04   +1.54734e-05   -1.53582e-04   +1.53582e-04   +1.53582e-04   -1.47039   +0.78540
  7    1.00000e-03   +2.27045e-05   -2.24573e-04   +2.24573e-04   +2.24573e-04   -1.47004   +0.78540
  8    1.46780e-03   +3.33101e-05   -3.27801e-04   +3.27801e-04   +3.27801e-04   -1.46953   +0.78540
  9    2.15443e-03   +4.88589e-05   -4.77255e-04   +4.77255e-04   +4.77255e-04   -1.46878   +0.78540
 10    3.16228e-03   +7.16427e-05   -6.92270e-04   +6.92270e-04   +6.92270e-04   -1.46767   +0.78540
 11    4.64159e-03   +1.05001e-04   -9.98777e-04   +9.98777e-04   +9.98777e-04   -1.46605   +0.78540
 12    6.81292e-03   +1.53784e-04   -1.42994e-03   +1.42994e-03   +1.42994e-03   -1.46366   +0.78540
 13    1.00000e-02   +2.25000e-04   -2.02500e-03   +2.02500e-03   +2.02500e-03   -1.46014   +0.78540
 14    1.46780e-02   +3.28694e-04   -2.82417e-03   +2.82417e-03   +2.82417e-03   -1.45493   +0.78540
 15    2.15443e-02   +4.79095e-04   -3.85681e-03   +3.85681e-03   +3.85681e-03   -1.44721   +0.78540
 16    3.16228e-02   +6.95972e-04   -5.12042e-03   +5.12042e-03   +5.12042e-03   -1.43570   +0.78540
 17    4.64159e-02   +1.00594e-03   -6.55155e-03   +6.55155e-03   +6.55155e-03   -1.41844   +0.78540
 18    6.81292e-02   +1.44290e-03   -7.99740e-03   +7.99740e-03   +7.99740e-03   -1.39230   +0.78540
 19    1.00000e-01   +2.04545e-03   -9.20455e-03   +9.20455e-03   +9.20455e-03   -1.35213   +0.78540
 20    1.46780e-01   +2.84626e-03   -9.84071e-03   +9.84071e-03   +9.84071e-03   -1.28925   +0.78540
 21    2.15443e-01   +3.84154e-03   -9.55449e-03   +9.55449e-03   +9.55449e-03   -1.18851   +0.78540
 22    3.16228e-01   +4.91427e-03   -8.07308e-03   +8.07308e-03   +8.07308e-03   -1.02399   +0.78540
 23    4.64159e-01   +5.65262e-03   -5.36889e-03   +5.36889e-03   +5.36889e-03   -0.75966   +0.78540
 24    6.81292e-01   +4.93485e-03   -2.01304e-03   +2.01304e-03   +2.01304e-03   -0.38732   +0.78540
 25    1.00000e+00   +0.00000e+00   +0.00000e+00   +0.00000e+00   +0.00000e+00   +0.00000   +0.00000
