# TCRW Fig 3(g) exact: |J_Dr|/|J_om| at left wall vs ω (D_r=1e-3, OBC)
# Generated by tcrw_fig3_exact_dump.py — exact authors-Python data
# columns: L   ω   ratio   |J_Dr|_wall   |J_om|_wall   Jx_w_Dr  Jy_w_Dr  Jx_w_om  Jy_w_om
 10   0.0000    7.10711e-01    2.25717e-04    3.17594e-04   +2.27045e-05   +2.24573e-04   +2.24573e-04   -2.24573e-04
 10   0.0500    6.73172e-01    2.03387e-04    3.02132e-04   +2.27045e-05   +2.02115e-04   +2.24573e-04   -2.02115e-04
 10   0.1000    6.29664e-01    1.81087e-04    2.87593e-04   +2.27045e-05   +1.79658e-04   +2.24573e-04   -1.79658e-04
 10   0.1500    5.79413e-01    1.58832e-04    2.74126e-04   +2.27045e-05   +1.57201e-04   +2.24573e-04   -1.57201e-04
 10   0.2000    5.21749e-01    1.36643e-04    2.61895e-04   +2.27045e-05   +1.34744e-04   +2.24573e-04   -1.34744e-04
 10   0.2500    4.56264e-01    1.14559e-04    2.51080e-04   +2.27045e-05   +1.12286e-04   +2.24573e-04   -1.12286e-04
 10   0.3000    3.83070e-01    9.26540e-05    2.41872e-04   +2.27045e-05   +8.98291e-05   +2.24573e-04   -8.98291e-05
 10   0.3500    3.03226e-01    7.10947e-05    2.34461e-04   +2.27045e-05   +6.73718e-05   +2.24573e-04   -6.73718e-05
 10   0.4000    2.19749e-01    5.03271e-05    2.29020e-04   +2.27045e-05   +4.49145e-05   +2.24573e-04   -4.49145e-05
 10   0.4500    1.41496e-01    3.19347e-05    2.25693e-04   +2.27045e-05   +2.24573e-05   +2.24573e-04   -2.24573e-05
 10   0.5000    1.01101e-01    2.27045e-05    2.24573e-04   +2.27045e-05   -2.55494e-16   +2.24573e-04   -1.75741e-16
 10   0.5500    1.41496e-01    3.19347e-05    2.25693e-04   +2.27045e-05   -2.24573e-05   +2.24573e-04   +2.24573e-05
 10   0.6000    2.19749e-01    5.03271e-05    2.29020e-04   +2.27045e-05   -4.49145e-05   +2.24573e-04   +4.49145e-05
 10   0.6500    3.03226e-01    7.10947e-05    2.34461e-04   +2.27045e-05   -6.73718e-05   +2.24573e-04   +6.73718e-05
 10   0.7000    3.83070e-01    9.26540e-05    2.41872e-04   +2.27045e-05   -8.98291e-05   +2.24573e-04   +8.98291e-05
 10   0.7500    4.56264e-01    1.14559e-04    2.51080e-04   +2.27045e-05   -1.12286e-04   +2.24573e-04   +1.12286e-04
 10   0.8000    5.21749e-01    1.36643e-04    2.61895e-04   +2.27045e-05   -1.34744e-04   +2.24573e-04   +1.34744e-04
 10   0.8500    5.79413e-01    1.58832e-04    2.74126e-04   +2.27045e-05   -1.57201e-04   +2.24573e-04   +1.57201e-04
 10   0.9000    6.29664e-01    1.81087e-04    2.87593e-04   +2.27045e-05   -1.79658e-04   +2.24573e-04   +1.79658e-04
 10   0.9500    6.73172e-01    2.03387e-04    3.02132e-04   +2.27045e-05   -2.02115e-04   +2.24573e-04   +2.02115e-04
 10   1.0000    7.10711e-01    2.25717e-04    3.17594e-04   +2.27045e-05   -2.24573e-04   +2.24573e-04   +2.24573e-04

 19   0.0000    7.08125e-01    2.32941e-04    3.28954e-04   +1.24875e-05   +2.32606e-04   +2.32606e-04   -2.32606e-04
 19   0.0500    6.70154e-01    2.09717e-04    3.12939e-04   +1.24875e-05   +2.09345e-04   +2.32606e-04   -2.09345e-04
 19   0.1000    6.26100e-01    1.86503e-04    2.97881e-04   +1.24875e-05   +1.86085e-04   +2.32606e-04   -1.86085e-04
 19   0.1500    5.75146e-01    1.63302e-04    2.83931e-04   +1.24875e-05   +1.62824e-04   +2.32606e-04   -1.62824e-04
 19   0.2000    5.16551e-01    1.40121e-04    2.71263e-04   +1.24875e-05   +1.39563e-04   +2.32606e-04   -1.39563e-04
 19   0.2500    4.49784e-01    1.16971e-04    2.60061e-04   +1.24875e-05   +1.16303e-04   +2.32606e-04   -1.16303e-04
 19   0.3000    3.74721e-01    9.38765e-05    2.50524e-04   +1.24875e-05   +9.30423e-05   +2.32606e-04   -9.30423e-05
 19   0.3500    2.91913e-01    7.08902e-05    2.42848e-04   +1.24875e-05   +6.97817e-05   +2.32606e-04   -6.97817e-05
 19   0.4000    2.03059e-01    4.81680e-05    2.37212e-04   +1.24875e-05   +4.65211e-05   +2.32606e-04   -4.65211e-05
 19   0.4500    1.12936e-01    2.64006e-05    2.33766e-04   +1.24875e-05   +2.32606e-05   +2.32606e-04   -2.32606e-05
 19   0.5000    5.36853e-02    1.24875e-05    2.32606e-04   +1.24875e-05   +9.31736e-21   +2.32606e-04   +1.01644e-20
 19   0.5500    1.12936e-01    2.64006e-05    2.33766e-04   +1.24875e-05   -2.32606e-05   +2.32606e-04   +2.32606e-05
 19   0.6000    2.03059e-01    4.81680e-05    2.37212e-04   +1.24875e-05   -4.65211e-05   +2.32606e-04   +4.65211e-05
 19   0.6500    2.91913e-01    7.08902e-05    2.42848e-04   +1.24875e-05   -6.97817e-05   +2.32606e-04   +6.97817e-05
 19   0.7000    3.74721e-01    9.38765e-05    2.50524e-04   +1.24875e-05   -9.30423e-05   +2.32606e-04   +9.30423e-05
 19   0.7500    4.49784e-01    1.16971e-04    2.60061e-04   +1.24875e-05   -1.16303e-04   +2.32606e-04   +1.16303e-04
 19   0.8000    5.16551e-01    1.40121e-04    2.71263e-04   +1.24875e-05   -1.39563e-04   +2.32606e-04   +1.39563e-04
 19   0.8500    5.75146e-01    1.63302e-04    2.83931e-04   +1.24875e-05   -1.62824e-04   +2.32606e-04   +1.62824e-04
 19   0.9000    6.26100e-01    1.86503e-04    2.97881e-04   +1.24875e-05   -1.86085e-04   +2.32606e-04   +1.86085e-04
 19   0.9500    6.70154e-01    2.09717e-04    3.12939e-04   +1.24875e-05   -2.09345e-04   +2.32606e-04   +2.09345e-04
 19   1.0000    7.08125e-01    2.32941e-04    3.28954e-04   +1.24875e-05   -2.32606e-04   +2.32606e-04   +2.32606e-04

 49   0.0000    7.07269e-01    2.33142e-04    3.29637e-04   +4.99500e-06   +2.33089e-04   +2.33089e-04   -2.33089e-04
 49   0.0500    6.69154e-01    2.09839e-04    3.13589e-04   +4.99500e-06   +2.09780e-04   +2.33089e-04   -2.09780e-04
 49   0.1000    6.24919e-01    1.86538e-04    2.98499e-04   +4.99500e-06   +1.86471e-04   +2.33089e-04   -1.86471e-04
 49   0.1500    5.73731e-01    1.63239e-04    2.84521e-04   +4.99500e-06   +1.63162e-04   +2.33089e-04   -1.63162e-04
 49   0.2000    5.14824e-01    1.39943e-04    2.71826e-04   +4.99500e-06   +1.39853e-04   +2.33089e-04   -1.39853e-04
 49   0.2500    4.47624e-01    1.16651e-04    2.60601e-04   +4.99500e-06   +1.16544e-04   +2.33089e-04   -1.16544e-04
 49   0.3000    3.71923e-01    9.33693e-05    2.51044e-04   +4.99500e-06   +9.32356e-05   +2.33089e-04   -9.32356e-05
 49   0.3500    2.88080e-01    7.01048e-05    2.43352e-04   +4.99500e-06   +6.99267e-05   +2.33089e-04   -6.99267e-05
 49   0.4000    1.97239e-01    4.68846e-05    2.37705e-04   +4.99500e-06   +4.66178e-05   +2.33089e-04   -4.66178e-05
 49   0.4500    1.01763e-01    2.38381e-05    2.34251e-04   +4.99500e-06   +2.33089e-05   +2.33089e-04   -2.33089e-05
 49   0.5000    2.14296e-02    4.99500e-06    2.33089e-04   +4.99500e-06   -7.62330e-21   +2.33089e-04   -7.19978e-21
 49   0.5500    1.01763e-01    2.38381e-05    2.34251e-04   +4.99500e-06   -2.33089e-05   +2.33089e-04   +2.33089e-05
 49   0.6000    1.97239e-01    4.68846e-05    2.37705e-04   +4.99500e-06   -4.66178e-05   +2.33089e-04   +4.66178e-05
 49   0.6500    2.88080e-01    7.01048e-05    2.43352e-04   +4.99500e-06   -6.99267e-05   +2.33089e-04   +6.99267e-05
 49   0.7000    3.71923e-01    9.33693e-05    2.51044e-04   +4.99500e-06   -9.32356e-05   +2.33089e-04   +9.32356e-05
 49   0.7500    4.47624e-01    1.16651e-04    2.60601e-04   +4.99500e-06   -1.16544e-04   +2.33089e-04   +1.16544e-04
 49   0.8000    5.14824e-01    1.39943e-04    2.71826e-04   +4.99500e-06   -1.39853e-04   +2.33089e-04   +1.39853e-04
 49   0.8500    5.73731e-01    1.63239e-04    2.84521e-04   +4.99500e-06   -1.63162e-04   +2.33089e-04   +1.63162e-04
 49   0.9000    6.24919e-01    1.86538e-04    2.98499e-04   +4.99500e-06   -1.86471e-04   +2.33089e-04   +1.86471e-04
 49   0.9500    6.69154e-01    2.09839e-04    3.13589e-04   +4.99500e-06   -2.09780e-04   +2.33089e-04   +2.09780e-04
 49   1.0000    7.07269e-01    2.33142e-04    3.29637e-04   +4.99500e-06   -2.33089e-04   +2.33089e-04   +2.33089e-04

